,Aircraft,Type Of Traveller,Seat Type,Route,Date Flown,Seat Comfort,Cabin Staff Service,Food & Beverages,Inflight Entertainment,Ground Service,Value For Money,Wifi & Connectivity,Recommended
0,Boeing 777,Couple Leisure,Business Class,Barbados to London Heathrow,2022-12-01 00:00:00,1.0,1.0,1.0,1.0,1.0,1,0.0,no
1,Boeing 777-200,Solo Leisure,Economy Class,Doha to  Gatwick,2022-11-01 00:00:00,2.0,5.0,4.0,4.0,3.0,5,0.0,yes
2,A320,Business,Business Class,Glasgow to London,2022-12-01 00:00:00,5.0,5.0,3.0,3.0,5.0,3,3.0,no
3,Boeing 777,Couple Leisure,Premium Economy,London to Boston,2022-12-01 00:00:00,3.0,4.0,3.0,0.0,3.0,3,0.0,yes
4,A320,Solo Leisure,Business Class,London to Prague,2022-11-01 00:00:00,2.0,1.0,1.0,0.0,2.0,1,0.0,no
5,None,Business,Business Class,London to Larnaca,2022-12-01 00:00:00,1.0,0.0,0.0,0.0,2.0,3,0.0,no
6,None,Family Leisure,Economy Class,Cairo to London,2022-12-01 00:00:00,3.0,2.0,1.0,0.0,3.0,2,0.0,no
7,Boeing 787-9,Business,Economy Class,Denver to London,2022-12-01 00:00:00,1.0,1.0,1.0,3.0,1.0,1,0.0,no
8,A320,Solo Leisure,Business Class,London to Marrakech,2022-06-01 00:00:00,3.0,5.0,5.0,0.0,4.0,3,0.0,yes
9,A380,Solo Leisure,Economy Class,San Francisco to London,2022-11-01 00:00:00,2.0,1.0,2.0,2.0,3.0,2,1.0,no
10,A320,Solo Leisure,Business Class,London to Lisbon,2022-11-01 00:00:00,3.0,4.0,4.0,0.0,3.0,3,0.0,yes
11,Boeing 787 / A320,Solo Leisure,Economy Class,Montreal to Edinburgh via London Heathrow,2022-01-01 00:00:00,4.0,4.0,4.0,4.0,4.0,4,0.0,yes
12,None,Solo Leisure,Economy Class,Miami to Budapest via London,2022-11-01 00:00:00,2.0,3.0,3.0,4.0,1.0,1,0.0,no
13,None,Solo Leisure,Premium Economy,Amman Jordan to London UK (Heathrow),2022-11-01 00:00:00,3.0,2.0,1.0,0.0,4.0,2,0.0,no
14,None,Solo Leisure,Economy Class,Dusseldorf to London via Los Angeles,2022-08-01 00:00:00,1.0,1.0,1.0,1.0,1.0,1,1.0,no
15,Boeing 777,Solo Leisure,Business Class,London to Cape Town,2022-11-01 00:00:00,4.0,2.0,1.0,4.0,1.0,1,0.0,no
16,None,Solo Leisure,Economy Class,Milan to Dallas via London ,2022-11-01 00:00:00,2.0,5.0,2.0,2.0,2.0,1,2.0,no
17,Boeing 787-8,Solo Leisure,Economy Class,Baltimore to London Heathrow,2022-11-01 00:00:00,1.0,3.0,3.0,1.0,2.0,3,0.0,yes
18,None,Couple Leisure,Business Class,Dubai to Belfast via London,2022-10-01 00:00:00,3.0,3.0,3.0,2.0,1.0,1,2.0,no
19,None,Couple Leisure,Economy Class,Dallas to Bologna via London,2022-07-01 00:00:00,5.0,5.0,0.0,0.0,1.0,1,0.0,no
20,None,Solo Leisure,Economy Class,San Francisco to London,2022-10-01 00:00:00,0.0,0.0,0.0,0.0,1.0,1,0.0,no
21,A320,Solo Leisure,Economy Class,London Heathrow to Gibraltar,2022-10-01 00:00:00,2.0,1.0,1.0,0.0,3.0,3,0.0,no
22,Boeing 777,Solo Leisure,Business Class,London Heathrow to Nairobi,2022-10-01 00:00:00,3.0,1.0,1.0,2.0,1.0,1,1.0,no
23,A350-1000,Solo Leisure,Business Class,London to Los Angeles,2022-10-01 00:00:00,5.0,4.0,5.0,5.0,3.0,5,5.0,yes
24,A320,Solo Leisure,Business Class,Copenhagen to Heathrow,2022-10-01 00:00:00,3.0,5.0,5.0,0.0,4.0,5,5.0,yes
25,A320,Family Leisure,Economy Class,Larnaca to London,2022-10-01 00:00:00,1.0,2.0,1.0,1.0,2.0,2,0.0,no
26,Boeing 787-10,Couple Leisure,Business Class,Atlanta to London,2022-10-01 00:00:00,5.0,4.0,4.0,5.0,5.0,4,5.0,yes
27,A380,Solo Leisure,Business Class,Madrid to San Francisco via London,2022-09-01 00:00:00,3.0,1.0,1.0,4.0,3.0,1,0.0,no
28,A380,Solo Leisure,Economy Class,London to Washington,2022-10-01 00:00:00,3.0,5.0,5.0,3.0,2.0,5,0.0,yes
29,A380,Couple Leisure,Economy Class,London to San Francisco,2022-10-01 00:00:00,1.0,1.0,3.0,3.0,1.0,1,5.0,no
30,None,Solo Leisure,Economy Class,London to Delhi,2022-10-01 00:00:00,2.0,2.0,1.0,3.0,4.0,1,0.0,no
31,Boeing 777-300,Couple Leisure,Economy Class,London to Los Angeles,2022-10-01 00:00:00,3.0,4.0,3.0,4.0,4.0,4,0.0,yes
32,Boeing 777,Couple Leisure,Business Class,Miami to London Heathrow,2022-10-01 00:00:00,5.0,5.0,3.0,2.0,4.0,3,0.0,yes
33,A380,Solo Leisure,Business Class,Dubai to London,2022-10-01 00:00:00,4.0,4.0,4.0,2.0,4.0,3,2.0,yes
34,A320neo,Couple Leisure,Economy Class,London to Cairo,2022-10-01 00:00:00,1.0,1.0,1.0,0.0,4.0,1,1.0,no
35,Boeing 777,Solo Leisure,Business Class,Orlando to London Gatwick,2022-10-01 00:00:00,5.0,5.0,5.0,5.0,5.0,4,4.0,yes
36,A321neo,Business,Economy Class,London to Cairo,2022-10-01 00:00:00,2.0,4.0,1.0,0.0,3.0,1,2.0,no
37,A380,Couple Leisure,Economy Class,Dallas to London,2022-09-01 00:00:00,2.0,4.0,2.0,4.0,4.0,3,0.0,yes
38,A319,Couple Leisure,Business Class,Jersey to London Heathrow,2022-09-01 00:00:00,4.0,4.0,4.0,0.0,3.0,4,0.0,yes
39,A320,Couple Leisure,Business Class,London Heathrow to Jersey,2022-09-01 00:00:00,4.0,5.0,4.0,0.0,3.0,4,0.0,yes
40,A320-200,Solo Leisure,Business Class,Istanbul to London Heathrow,2022-09-01 00:00:00,1.0,3.0,2.0,1.0,3.0,2,0.0,no
41,Boeing 777-200,Solo Leisure,Business Class,London Heathrow to New York JFK,2022-09-01 00:00:00,5.0,4.0,4.0,4.0,5.0,5,0.0,yes
42,None,Business,Economy Class,Gothenburg to Jersey via London,2022-06-01 00:00:00,2.0,2.0,0.0,0.0,1.0,1,0.0,no
43,None,Solo Leisure,Premium Economy,Heathrow to Mexico City,2022-09-01 00:00:00,5.0,5.0,5.0,5.0,5.0,5,5.0,yes
44,None,Solo Leisure,Economy Class,London to Tampa,2022-09-01 00:00:00,5.0,5.0,5.0,5.0,5.0,5,5.0,yes
45,None,Solo Leisure,Economy Class,Sydney to London via Singapore,2022-09-01 00:00:00,1.0,3.0,2.0,5.0,4.0,2,5.0,yes
46,A320,Couple Leisure,Economy Class,London to Lisbon,2022-09-01 00:00:00,4.0,5.0,1.0,0.0,3.0,3,0.0,yes
47,None,Business,Business Class,London to Istanbul,2022-09-01 00:00:00,1.0,1.0,1.0,0.0,1.0,1,0.0,no
48,None,Couple Leisure,Economy Class,London to Manchester,2022-09-01 00:00:00,4.0,1.0,2.0,1.0,1.0,1,1.0,no
49,Boeing 777,Family Leisure,Economy Class,London to Rome,2022-08-01 00:00:00,4.0,4.0,3.0,0.0,1.0,2,0.0,no
50,None,Couple Leisure,Business Class,London Gatwick to Malaga,2022-09-01 00:00:00,3.0,5.0,5.0,1.0,4.0,3,1.0,yes
51,None,Business,Economy Class,Heathrow to Tenerife,2021-11-01 00:00:00,0.0,0.0,0.0,0.0,0.0,1,0.0,no
52,None,Couple Leisure,Economy Class,Manchester to Seattle via London,2022-08-01 00:00:00,3.0,2.0,1.0,2.0,4.0,3,0.0,no
53,None,Couple Leisure,Premium Economy,San Francisco to London,2022-04-01 00:00:00,2.0,1.0,2.0,3.0,1.0,1,0.0,no
54,None,Couple Leisure,Economy Class,Berlin to London City,2022-08-01 00:00:00,3.0,5.0,4.0,0.0,2.0,4,0.0,yes
55,Boeing 787,Couple Leisure,Economy Class,Tel Aviv to London,2022-08-01 00:00:00,5.0,5.0,5.0,5.0,3.0,4,0.0,yes
56,None,Solo Leisure,Business Class,London to Manila via Singapore,2022-06-01 00:00:00,1.0,1.0,1.0,1.0,1.0,1,0.0,no
57,None,Solo Leisure,Economy Class,London to Barcelona,2022-06-01 00:00:00,1.0,2.0,1.0,0.0,1.0,1,0.0,no
58,None,Business,Business Class,Los Angeles to Thessaloniki via London,2022-06-01 00:00:00,2.0,2.0,1.0,0.0,1.0,1,0.0,no
59,None,Couple Leisure,Economy Class,Boston to Dublin via London,2022-08-01 00:00:00,5.0,5.0,5.0,5.0,5.0,5,1.0,yes
60,None,Couple Leisure,Economy Class,London to New York,2022-07-01 00:00:00,5.0,5.0,5.0,5.0,5.0,3,5.0,yes
61,Boeing 777,Family Leisure,Economy Class,Cape Town to London Heathrow,2022-08-01 00:00:00,2.0,1.0,1.0,3.0,4.0,3,0.0,no
62,None,Couple Leisure,Premium Economy,Dallas Ft Worth to London,2022-05-01 00:00:00,3.0,5.0,5.0,0.0,4.0,4,0.0,yes
63,None,Family Leisure,Economy Class,London to Amsterdam,2022-07-01 00:00:00,1.0,1.0,1.0,0.0,1.0,1,0.0,no
64,A320,Solo Leisure,Business Class,London to Marrakesh,2022-06-01 00:00:00,1.0,1.0,1.0,1.0,1.0,1,1.0,no
65,None,Solo Leisure,Economy Class,Accra to London,2021-11-01 00:00:00,0.0,0.0,0.0,0.0,1.0,1,0.0,no
66,None,Solo Leisure,Economy Class,Nairobi to New York via London,2022-07-01 00:00:00,3.0,5.0,3.0,0.0,3.0,1,0.0,no
67,A380,Family Leisure,Business Class,San Francisco to London,2022-07-01 00:00:00,4.0,5.0,4.0,4.0,4.0,4,5.0,yes
68,A320,Solo Leisure,Economy Class,London to Amman,2022-05-01 00:00:00,1.0,1.0,0.0,0.0,1.0,1,0.0,no
69,None,Family Leisure,Economy Class,Edinburgh to Washington via London,2022-07-01 00:00:00,2.0,2.0,2.0,0.0,1.0,1,0.0,no
70,None,Couple Leisure,Economy Class,Vancouver to Amsterdam via London,2022-06-01 00:00:00,5.0,5.0,5.0,5.0,1.0,1,0.0,no
71,A350-1000,Couple Leisure,Economy Class,Sao Paulo to Heathrow ,2022-07-01 00:00:00,1.0,2.0,3.0,1.0,3.0,3,0.0,yes
72,A321,Couple Leisure,Economy Class,London to Reykjavik,2022-05-01 00:00:00,3.0,4.0,1.0,0.0,1.0,4,0.0,yes
73,A321,Business,Economy Class,Belfast to London,2022-07-01 00:00:00,4.0,5.0,2.0,0.0,2.0,4,0.0,yes
74,None,None,Business Class,London to Malaga,2022-07-01 00:00:00,0.0,0.0,0.0,0.0,0.0,1,0.0,no
75,None,Couple Leisure,Business Class,London to Toronto,2022-07-01 00:00:00,5.0,5.0,5.0,5.0,5.0,5,0.0,yes
76,A350,Family Leisure,Business Class,London to Los Angeles,2022-07-01 00:00:00,4.0,4.0,4.0,5.0,5.0,4,5.0,yes
77,None,Family Leisure,Economy Class,Washington to London,2022-07-01 00:00:00,1.0,1.0,0.0,0.0,1.0,1,0.0,no
78,None,Solo Leisure,Premium Economy,Nairobi to New York via London,2022-07-01 00:00:00,1.0,1.0,1.0,1.0,1.0,1,1.0,no
79,Embraer 190,Couple Leisure,Business Class,Dublin to London City,2022-07-01 00:00:00,4.0,4.0,3.0,0.0,1.0,1,0.0,no
80,"A320, Boeing 787",Solo Leisure,Premium Economy,Venice to Baltimore via London Heathrow,2022-07-01 00:00:00,3.0,3.0,3.0,2.0,1.0,2,1.0,no
81,None,Couple Leisure,Premium Economy,London to Nairobi,2022-06-01 00:00:00,0.0,0.0,0.0,0.0,0.0,1,0.0,no
82,A350,Couple Leisure,Economy Class,London Heathrow to Johannesburg,2022-06-01 00:00:00,1.0,3.0,3.0,2.0,2.0,4,0.0,no
83,None,Family Leisure,Economy Class,Belfast to London,2022-06-01 00:00:00,0.0,0.0,0.0,0.0,1.0,1,0.0,no
84,None,Family Leisure,Business Class,None,2022-06-01 00:00:00,2.0,2.0,2.0,2.0,1.0,1,0.0,no
85,None,Couple Leisure,Economy Class,London to Paris,2021-07-01 00:00:00,1.0,1.0,1.0,1.0,1.0,1,1.0,no
86,None,Business,Business Class,Miami to Paris,2022-06-01 00:00:00,3.0,4.0,4.0,2.0,3.0,1,1.0,no
87,None,Family Leisure,Economy Class,Edmonton to Cairo,2022-06-01 00:00:00,2.0,2.0,1.0,1.0,1.0,2,1.0,no
88,None,Couple Leisure,Premium Economy,Amsterdam to Montreal via London,2022-06-01 00:00:00,2.0,2.0,2.0,2.0,2.0,2,2.0,no
89,None,Solo Leisure,Economy Class,Hong Kong to London,2022-04-01 00:00:00,0.0,0.0,0.0,0.0,0.0,1,0.0,no
90,None,Family Leisure,Economy Class,Belfast to London,2022-06-01 00:00:00,3.0,1.0,2.0,0.0,1.0,1,0.0,no
91,A350,Business,Economy Class,London to Johannesburg,2022-06-01 00:00:00,1.0,4.0,1.0,2.0,3.0,2,1.0,no
92,A320,Couple Leisure,Economy Class,Paris CDG to London Heathrow,2022-06-01 00:00:00,1.0,4.0,1.0,1.0,2.0,1,1.0,no
93,None,Couple Leisure,Business Class,Portland to London,2022-06-01 00:00:00,2.0,4.0,2.0,2.0,4.0,2,0.0,no
94,A320,Business,Business Class,London to Malaga,2022-06-01 00:00:00,3.0,2.0,2.0,0.0,2.0,3,3.0,no
95,None,Couple Leisure,Economy Class,Boston to Edinburgh via Heathrow,2022-06-01 00:00:00,1.0,4.0,4.0,3.0,1.0,1,1.0,no
96,None,Couple Leisure,Economy Class,Edmonton to Santorini via Toronto / London,2022-06-01 00:00:00,1.0,1.0,0.0,0.0,1.0,1,0.0,no
97,A380,Solo Leisure,Economy Class,Vancouver to London,2022-06-01 00:00:00,1.0,2.0,1.0,3.0,2.0,3,0.0,no
98,Boeing 777-200,Couple Leisure,Business Class,London to san Francisco,2022-06-01 00:00:00,4.0,4.0,3.0,5.0,2.0,4,4.0,yes
99,None,Business,Economy Class,London to Amsterdam,2022-06-01 00:00:00,2.0,2.0,0.0,0.0,2.0,1,0.0,no
100,Boeing 777,Couple Leisure,Premium Economy,Cancun to London Gatwick,2022-06-01 00:00:00,4.0,3.0,2.0,4.0,3.0,3,0.0,no
101,None,Couple Leisure,Economy Class,Phoenix to Hamburg via London,2022-06-01 00:00:00,2.0,2.0,3.0,4.0,1.0,1,0.0,no
102,None,Family Leisure,Business Class,Dallas Fort-Worth to Toulouse via London,2022-06-01 00:00:00,1.0,1.0,1.0,1.0,1.0,1,1.0,no
103,A320,Couple Leisure,Business Class,London to Thira,2022-06-01 00:00:00,5.0,5.0,5.0,0.0,5.0,5,0.0,yes
104,None,Family Leisure,Economy Class,Islamabad to Manchester via Gatwick,2022-04-01 00:00:00,5.0,5.0,5.0,0.0,5.0,4,0.0,yes
105,A380,Solo Leisure,Business Class,Vancouver to London,2022-06-01 00:00:00,4.0,5.0,3.0,4.0,2.0,5,4.0,yes
106,Boeing 777-300ER,Business,Economy Class,London to Boston,2022-05-01 00:00:00,4.0,5.0,5.0,0.0,5.0,3,5.0,yes
107,None,Solo Leisure,Economy Class,Johannesburg to Toronto via London,2022-05-01 00:00:00,4.0,4.0,4.0,0.0,4.0,3,1.0,yes
108,None,Couple Leisure,Economy Class,Zurich to London,2022-02-01 00:00:00,0.0,0.0,0.0,0.0,1.0,1,0.0,no
109,Boeing 777,Couple Leisure,Business Class,Johannesburg to London Heathrow,2022-04-01 00:00:00,4.0,4.0,3.0,0.0,3.0,3,0.0,yes
110,None,Couple Leisure,Business Class,Miami to Zurich via London,2022-05-01 00:00:00,4.0,3.0,3.0,4.0,1.0,1,0.0,no
111,Boeing 777-300,Family Leisure,Economy Class,Bridgetown to London ,2022-05-01 00:00:00,1.0,5.0,1.0,3.0,3.0,1,0.0,no
112,None,Family Leisure,Business Class,London to Malaga,2022-05-01 00:00:00,0.0,0.0,0.0,0.0,0.0,2,0.0,no
113,None,Couple Leisure,Business Class,Dubrovnik to London,2022-05-01 00:00:00,2.0,2.0,1.0,0.0,4.0,1,0.0,no
114,None,Couple Leisure,Economy Class,Amsterdam to London,2022-05-01 00:00:00,2.0,1.0,1.0,0.0,1.0,1,0.0,no
115,None,Business,Economy Class,Columbus to Nairobi via Chicago / London,2022-05-01 00:00:00,0.0,0.0,0.0,0.0,0.0,1,0.0,no
116,None,Solo Leisure,Economy Class,London to Geneva,2022-03-01 00:00:00,0.0,0.0,0.0,0.0,0.0,1,0.0,no
117,None,Solo Leisure,Business Class,London to Mauritius,2022-03-01 00:00:00,0.0,0.0,0.0,0.0,1.0,1,0.0,no
118,A320,Solo Leisure,Economy Class,London Heathrow to Malaga,2022-05-01 00:00:00,3.0,2.0,1.0,1.0,1.0,3,1.0,no
119,None,Solo Leisure,Economy Class,Basel to Johannesburg via London,2022-05-01 00:00:00,1.0,2.0,2.0,2.0,1.0,2,1.0,no
120,A320,Couple Leisure,Business Class,Athens to London,2022-05-01 00:00:00,2.0,4.0,3.0,0.0,3.0,2,2.0,no
121,Boeing 787,Solo Leisure,Premium Economy,London to Mexico City,2022-04-01 00:00:00,5.0,4.0,4.0,3.0,4.0,4,0.0,yes
122,None,Business,Economy Class,Glasgow to New York,2022-05-01 00:00:00,3.0,4.0,4.0,4.0,1.0,1,4.0,no
123,None,Solo Leisure,Economy Class,London Heathrow to Los Angeles,2022-05-01 00:00:00,1.0,5.0,0.0,0.0,4.0,1,0.0,no
124,Boeing 777,Solo Leisure,Premium Economy,Dubai to Milan Malpensa via London,2022-05-01 00:00:00,5.0,5.0,5.0,5.0,5.0,5,3.0,yes
125,None,Solo Leisure,Economy Class,Los Angeles to London,2022-05-01 00:00:00,0.0,0.0,0.0,0.0,0.0,1,0.0,no
126,Boeing 777,Solo Leisure,Economy Class,London to Cape Town,2022-04-01 00:00:00,2.0,1.0,2.0,0.0,1.0,1,0.0,no
127,None,Solo Leisure,Economy Class,São Paulo to Milan via London,2022-04-01 00:00:00,5.0,5.0,5.0,5.0,5.0,5,5.0,yes
128,A321 Neo,Family Leisure,Business Class,Madrid to London Heathrow,2022-04-01 00:00:00,3.0,5.0,5.0,0.0,5.0,4,0.0,yes
129,A320,Couple Leisure,Business Class,Dubrovnik to London Heathrow,2022-04-01 00:00:00,4.0,5.0,5.0,0.0,5.0,5,0.0,yes
130,None,Business,Business Class,London to Aberdeen,2022-04-01 00:00:00,1.0,2.0,1.0,0.0,3.0,1,0.0,no
131,A320,Solo Leisure,Business Class,Pisa to London Heathrow,2022-03-01 00:00:00,1.0,1.0,1.0,1.0,1.0,1,1.0,no
132,Boeing 737 800,Couple Leisure,Economy Class,Johannesburg to Durban,2022-04-01 00:00:00,1.0,1.0,1.0,0.0,1.0,1,0.0,no
133,A320,Couple Leisure,Economy Class,Gothenburg to Manchester via London,2022-04-01 00:00:00,3.0,3.0,1.0,0.0,1.0,1,1.0,no
134,Boeing 787,Solo Leisure,Business Class,Chicago to London,2022-03-01 00:00:00,5.0,5.0,5.0,4.0,3.0,4,0.0,yes
135,None,Couple Leisure,Economy Class,Riyadh to Nice via London,2022-04-01 00:00:00,2.0,3.0,2.0,3.0,1.0,2,0.0,no
136,None,Couple Leisure,Business Class,London to Glasgow,2022-04-01 00:00:00,0.0,0.0,0.0,0.0,0.0,1,0.0,no
137,A380,Family Leisure,Economy Class,Glasgow to Washington via London,2022-04-01 00:00:00,4.0,5.0,4.0,3.0,4.0,3,3.0,yes
138,A320neo,Business,Business Class,Malaga to London,2022-04-01 00:00:00,2.0,4.0,2.0,0.0,2.0,2,1.0,no
139,None,Couple Leisure,Economy Class,Nice to Dallas via London,2022-04-01 00:00:00,5.0,5.0,4.0,5.0,5.0,4,5.0,yes
140,None,Solo Leisure,Economy Class,London to Paris,2022-03-01 00:00:00,1.0,1.0,1.0,0.0,1.0,3,0.0,no
141,A320 / Boeing 777,Couple Leisure,Business Class,Phoenix to Paris via London,2022-04-01 00:00:00,3.0,2.0,2.0,1.0,2.0,2,0.0,no
142,Boeing 777-200,Business,Business Class,Phoenix to London Heathrow,2022-04-01 00:00:00,5.0,5.0,5.0,5.0,4.0,5,3.0,yes
143,None,Couple Leisure,Economy Class,Santorini to Los Angeles via London,2022-04-01 00:00:00,1.0,1.0,1.0,0.0,1.0,1,0.0,no
144,None,Family Leisure,Business Class,London to Tokyo,2022-06-01 00:00:00,0.0,0.0,0.0,0.0,0.0,1,0.0,no
145,Embraer,Solo Leisure,Business Class,Edinburgh to London City,2022-04-01 00:00:00,5.0,5.0,5.0,0.0,5.0,4,0.0,yes
146,Boeing 777-200ER,Solo Leisure,Business Class,Vancouver to London,2022-03-01 00:00:00,4.0,4.0,4.0,4.0,2.0,5,5.0,yes
147,A319,Couple Leisure,Business Class,London to Venice,2022-03-01 00:00:00,2.0,4.0,2.0,0.0,2.0,3,0.0,yes
148,A320,Business,Business Class,London to Barcelona,2022-04-01 00:00:00,1.0,1.0,1.0,0.0,1.0,1,0.0,no
149,Boeing 777,Couple Leisure,Business Class,Barbados to Heathrow,2022-03-01 00:00:00,2.0,3.0,3.0,1.0,4.0,3,0.0,yes
150,None,Business,Economy Class,Heathrow to Bologna,2022-04-01 00:00:00,1.0,1.0,0.0,0.0,1.0,1,0.0,no
151,A320,Business,Business Class,Geneva to London,2022-04-01 00:00:00,4.0,5.0,4.0,0.0,1.0,4,3.0,no
152,None,Solo Leisure,Economy Class,London to Singapore,2022-04-01 00:00:00,1.0,1.0,1.0,1.0,1.0,1,1.0,no
153,Boeing 777,Couple Leisure,Business Class,London to Barbados,2022-03-01 00:00:00,4.0,5.0,4.0,2.0,4.0,4,0.0,yes
154,Boeing 777,Couple Leisure,Business Class,Cape Town to London Heathrow,2022-03-01 00:00:00,3.0,3.0,1.0,0.0,3.0,1,0.0,no
155,None,Couple Leisure,Economy Class,Sydney to Heathrow,2022-03-01 00:00:00,3.0,1.0,1.0,1.0,2.0,4,0.0,no
156,A320,Business,Business Class,London to Malaga,2022-03-01 00:00:00,2.0,1.0,2.0,1.0,1.0,1,0.0,no
157,None,Couple Leisure,Economy Class,Austin to London via Dublin,2022-03-01 00:00:00,2.0,1.0,2.0,0.0,1.0,1,0.0,no
158,Boeing 777-200,Couple Leisure,Business Class,Cape Town to London,2022-03-01 00:00:00,2.0,1.0,1.0,2.0,3.0,2,0.0,no
159,None,Couple Leisure,Economy Class,London Heathrow to Funchal,2022-03-01 00:00:00,3.0,3.0,1.0,0.0,1.0,3,0.0,no
160,None,Couple Leisure,Economy Class,Gatwick to Antalya,2022-03-01 00:00:00,0.0,0.0,0.0,0.0,0.0,1,0.0,no
161,Boeing 787-9,Couple Leisure,Economy Class,London to Austin,2022-03-01 00:00:00,4.0,1.0,1.0,1.0,1.0,3,0.0,no
162,None,Couple Leisure,Premium Economy,Dubai to Heathrow,2022-03-01 00:00:00,3.0,2.0,1.0,3.0,4.0,2,0.0,no
163,Boeing 787-900,Solo Leisure,First Class,Singapore to London,2022-03-01 00:00:00,5.0,1.0,1.0,4.0,2.0,2,0.0,no
164,A350,Family Leisure,Economy Class,Dublin to Dubai via London,2022-03-01 00:00:00,3.0,4.0,3.0,1.0,3.0,3,0.0,no
165,None,Couple Leisure,Economy Class,London Heathrow to Cairo,2022-02-01 00:00:00,1.0,3.0,1.0,0.0,1.0,1,0.0,no
166,None,Couple Leisure,Premium Economy,Male to London,2022-03-01 00:00:00,4.0,2.0,2.0,3.0,4.0,3,0.0,no
167,None,Business,Economy Class,Copenhagen to London,2022-03-01 00:00:00,2.0,2.0,1.0,0.0,1.0,1,0.0,no
168,None,Family Leisure,Premium Economy,New York to London,2022-03-01 00:00:00,1.0,3.0,3.0,3.0,1.0,1,0.0,no
169,A321-neo,Business,Business Class,London Heathrow to Sofia,2021-08-01 00:00:00,3.0,5.0,2.0,0.0,1.0,2,1.0,no
170,None,Family Leisure,Economy Class,Athens to Boston via London,2021-10-01 00:00:00,2.0,3.0,2.0,0.0,1.0,1,0.0,no
171,Boeing 777,Solo Leisure,Premium Economy,Cape Town to Glasgow via London,2022-02-01 00:00:00,3.0,3.0,2.0,3.0,2.0,3,0.0,yes
172,None,Business,Business Class,Bangalore to London,2022-03-01 00:00:00,3.0,4.0,1.0,1.0,2.0,1,2.0,no
173,Boeing 777-200,Couple Leisure,Business Class,London to Cape Town,2022-03-01 00:00:00,3.0,3.0,2.0,1.0,3.0,3,0.0,no
174,A320,Couple Leisure,Business Class,Lisbon to London,2022-02-01 00:00:00,1.0,3.0,1.0,0.0,3.0,1,0.0,no
175,A350,Solo Leisure,Premium Economy,Vancouver to London,2022-02-01 00:00:00,4.0,5.0,5.0,5.0,4.0,5,4.0,yes
176,A320,Business,Business Class,London to Malaga,2022-02-01 00:00:00,3.0,3.0,2.0,0.0,3.0,2,3.0,no
177,A322,Business,Economy Class,London to Athens,2022-02-01 00:00:00,2.0,3.0,1.0,0.0,1.0,1,0.0,no
178,None,Solo Leisure,Economy Class,London to Edinburgh,2022-02-01 00:00:00,0.0,0.0,0.0,0.0,1.0,1,0.0,no
179,Boeing 787-9,Family Leisure,Business Class,Washington to London,2022-02-01 00:00:00,4.0,5.0,4.0,4.0,5.0,4,4.0,yes
180,None,Couple Leisure,Economy Class,Accra to London ,2022-01-01 00:00:00,1.0,2.0,1.0,1.0,1.0,1,1.0,no
181,A320,Business,Business Class,Dublin to London,2022-02-01 00:00:00,0.0,0.0,0.0,0.0,0.0,1,0.0,no
182,Boeing 787-9,Family Leisure,Business Class,London to Washington,2022-02-01 00:00:00,4.0,5.0,5.0,4.0,5.0,4,5.0,yes
183,None,Family Leisure,Business Class,London to Porto,2022-02-01 00:00:00,0.0,0.0,0.0,0.0,0.0,1,0.0,no
184,None,Solo Leisure,Business Class,Washington to London,2021-12-01 00:00:00,5.0,5.0,5.0,0.0,4.0,5,0.0,yes
185,None,Couple Leisure,Economy Class,Montréal to Dubai via London,2022-02-01 00:00:00,0.0,0.0,0.0,0.0,0.0,4,0.0,yes
186,Boeing 787-9,Couple Leisure,Business Class,Atlanta to Belfast via Heathrow,2022-01-01 00:00:00,4.0,5.0,4.0,4.0,5.0,5,0.0,yes
187,Boeing 777,Couple Leisure,Business Class,Cape Town to London Heathrow,2022-01-01 00:00:00,3.0,4.0,2.0,4.0,3.0,3,0.0,yes
188,Boeing 777,Couple Leisure,Business Class,London Heathrow to Orlando,2022-01-01 00:00:00,2.0,4.0,3.0,1.0,3.0,3,0.0,no
189,A380,Couple Leisure,Economy Class,London Heathrow to Dubai,2022-01-01 00:00:00,2.0,1.0,1.0,2.0,1.0,1,0.0,no
190,None,Solo Leisure,Economy Class,New York to Newcastle via London,2021-11-01 00:00:00,3.0,4.0,4.0,4.0,1.0,4,0.0,no
191,Boeing 737-800,Couple Leisure,Business Class,Cape Town to Durban,2022-01-01 00:00:00,3.0,2.0,3.0,0.0,4.0,3,0.0,yes
192,None,Solo Leisure,Economy Class,Durban to Cape Town,2022-01-01 00:00:00,5.0,5.0,5.0,0.0,5.0,5,0.0,yes
193,None,Solo Leisure,Business Class,Bangalore to Detroit via London,2022-01-01 00:00:00,4.0,2.0,1.0,3.0,1.0,1,0.0,no
194,None,Business,Economy Class,New York to London,2022-01-01 00:00:00,1.0,1.0,2.0,3.0,1.0,2,0.0,no
195,None,Business,Economy Class,Las Vegas to London ,2022-01-01 00:00:00,1.0,4.0,1.0,1.0,1.0,1,0.0,no
196,None,Couple Leisure,Business Class,London to Dubai,2021-10-01 00:00:00,2.0,1.0,1.0,3.0,1.0,1,0.0,no
197,None,Family Leisure,Economy Class,Warsaw to London,2021-12-01 00:00:00,2.0,4.0,0.0,0.0,1.0,2,0.0,no
198,A319,Business,Business Class,Glasgow to London Heathrow,2021-12-01 00:00:00,2.0,1.0,1.0,0.0,2.0,1,0.0,no
199,Boeing 777,Couple Leisure,Business Class,London to Cape Town,2021-12-01 00:00:00,3.0,3.0,2.0,5.0,4.0,3,1.0,yes
200,None,Solo Leisure,Premium Economy,London to Tampa,2021-11-01 00:00:00,1.0,1.0,0.0,0.0,1.0,1,0.0,no
201,A320-200,Solo Leisure,Business Class,Edinburgh to London,2021-12-01 00:00:00,4.0,5.0,4.0,0.0,5.0,4,5.0,yes
202,A320-200,Solo Leisure,Business Class,London to Edinburgh,2021-12-01 00:00:00,4.0,5.0,5.0,0.0,3.0,4,0.0,yes
203,A380,Family Leisure,Economy Class,London Heathrow to Los Angeles,2021-12-01 00:00:00,1.0,4.0,1.0,1.0,2.0,1,0.0,no
204,Boeing 777,Business,Economy Class,London to St Lucia,2021-12-01 00:00:00,5.0,5.0,4.0,0.0,5.0,5,0.0,yes
205,Boeing 787,Couple Leisure,First Class,London to Chicago,2021-11-01 00:00:00,4.0,5.0,5.0,3.0,4.0,4,5.0,yes
206,A320,Solo Leisure,Business Class,London to Istanbul,2021-12-01 00:00:00,1.0,2.0,3.0,1.0,1.0,2,1.0,no
207,Boeing 777,Couple Leisure,Business Class,Dubai to London Heaathrow,2021-12-01 00:00:00,4.0,2.0,3.0,4.0,1.0,4,3.0,yes
208,A320,Solo Leisure,Economy Class,London to Aberdeen,2021-12-01 00:00:00,0.0,0.0,0.0,0.0,1.0,1,0.0,no
209,Boeing 777,Couple Leisure,Business Class,London Gatwick to Cancun,2021-12-01 00:00:00,1.0,5.0,3.0,2.0,5.0,3,0.0,no
210,None,Business,Business Class,Kingston to London,2021-08-01 00:00:00,1.0,2.0,2.0,3.0,2.0,1,1.0,no
211,None,Family Leisure,Business Class,London to Delhi,2021-01-01 00:00:00,1.0,1.0,1.0,1.0,1.0,1,1.0,no
212,None,Solo Leisure,Economy Class,Washington DC to Moscow via London,2021-12-01 00:00:00,1.0,1.0,0.0,0.0,1.0,1,0.0,no
213,None,Solo Leisure,Economy Class,Singapore to London,2021-07-01 00:00:00,3.0,4.0,1.0,3.0,1.0,1,0.0,no
214,None,Family Leisure,Economy Class,Cairo to Portland via London / Seattle,2021-11-01 00:00:00,0.0,0.0,0.0,0.0,1.0,1,0.0,no
215,A320,Business,Business Class,London Heathrow to Paris CDG,2021-11-01 00:00:00,3.0,4.0,4.0,0.0,1.0,3,0.0,no
216,None,Business,Business Class,Manchester to London Heathrow,2021-11-01 00:00:00,1.0,0.0,0.0,0.0,1.0,2,0.0,no
217,A321 neo,Solo Leisure,Business Class,London to Tenerife,2021-11-01 00:00:00,3.0,2.0,3.0,0.0,4.0,2,0.0,no
218,A321 neo,Solo Leisure,Business Class,Tenerife to London,2021-11-01 00:00:00,4.0,5.0,5.0,0.0,4.0,4,0.0,yes
219,A320,Solo Leisure,Economy Class,Stockholm to London Heathrow,2021-11-01 00:00:00,1.0,5.0,1.0,0.0,1.0,2,0.0,no
220,None,Business,Economy Class,Frankfurt to London,2021-11-01 00:00:00,0.0,0.0,0.0,0.0,1.0,1,0.0,no
221,A320neo,Couple Leisure,Business Class,London Heathrow to Tenerife South,2021-11-01 00:00:00,3.0,3.0,1.0,0.0,2.0,1,0.0,no
222,A320 Neo,Couple Leisure,Business Class,Heathrow to Tenerife South,2021-11-01 00:00:00,2.0,5.0,3.0,0.0,3.0,3,0.0,yes
223,None,Solo Leisure,Economy Class,London to Chicago,2021-11-01 00:00:00,1.0,2.0,2.0,2.0,1.0,1,2.0,no
224,None,Solo Leisure,Economy Class,London to Mexico,2021-10-01 00:00:00,2.0,3.0,2.0,5.0,2.0,2,0.0,no
225,Boeing 777,Couple Leisure,Economy Class,Manchester to Nassau via London,2021-10-01 00:00:00,2.0,2.0,2.0,2.0,1.0,1,1.0,no
226,None,Family Leisure,Economy Class,Mumbai to Dublin via London,2021-11-01 00:00:00,3.0,2.0,2.0,3.0,2.0,3,0.0,no
227,None,Solo Leisure,Premium Economy,Gibraltar to London,2021-11-01 00:00:00,4.0,4.0,0.0,0.0,1.0,3,0.0,no
228,A321,Business,Economy Class,Belfast to London,2021-11-01 00:00:00,4.0,5.0,4.0,0.0,4.0,4,0.0,yes
229,A321,Family Leisure,Business Class,Larnaca to London Heathrow,2021-10-01 00:00:00,2.0,4.0,2.0,0.0,3.0,3,3.0,yes
230,A320,Couple Leisure,Business Class,Lisbon to London Heathrow,2021-09-01 00:00:00,4.0,4.0,4.0,0.0,5.0,4,0.0,yes
231,Boeing 787,Couple Leisure,Premium Economy,Madrid to London,2021-10-01 00:00:00,4.0,5.0,5.0,4.0,3.0,5,0.0,yes
232,A320NEO,Family Leisure,Economy Class,London to Bologna,2021-10-01 00:00:00,5.0,5.0,3.0,0.0,2.0,4,0.0,yes
233,A321 Neo,Business,Economy Class,London to Alicante,2021-10-01 00:00:00,1.0,4.0,4.0,0.0,4.0,5,0.0,yes
234,A321,Family Leisure,Business Class,London to Larnaca,2021-10-01 00:00:00,3.0,5.0,3.0,2.0,4.0,4,2.0,yes
235,A320,Business,Economy Class,Prague to London,2021-10-01 00:00:00,4.0,5.0,0.0,0.0,1.0,1,0.0,no
236,None,Couple Leisure,Economy Class,Male to London,2021-10-01 00:00:00,5.0,5.0,5.0,5.0,5.0,5,5.0,yes
237,None,Solo Leisure,Premium Economy,London to Toronto,2021-10-01 00:00:00,3.0,3.0,4.0,4.0,4.0,4,0.0,yes
238,A350,Business,Business Class,London to Toronto,2021-10-01 00:00:00,5.0,5.0,5.0,5.0,5.0,5,5.0,yes
239,None,Solo Leisure,Business Class,London Heathrow to Athens Greece,2021-09-01 00:00:00,2.0,4.0,4.0,3.0,4.0,1,4.0,no
240,None,Solo Leisure,Economy Class,London to Cayman Islands ,2020-11-01 00:00:00,0.0,0.0,0.0,0.0,0.0,1,0.0,no
241,A320,Family Leisure,Economy Class,London to Prague,2021-10-01 00:00:00,1.0,1.0,1.0,0.0,1.0,2,0.0,no
242,A321,Couple Leisure,Business Class,Larnaca to London Heathrow,2021-10-01 00:00:00,3.0,4.0,3.0,0.0,4.0,4,3.0,yes
243,None,Couple Leisure,Economy Class,Heathrow to Manchester ,2021-08-01 00:00:00,0.0,0.0,0.0,0.0,1.0,1,0.0,no
244,None,Business,Business Class,London to Jersey,2021-09-01 00:00:00,2.0,1.0,0.0,0.0,1.0,1,0.0,no
245,None,Solo Leisure,Premium Economy,Denver to London,2021-10-01 00:00:00,5.0,5.0,0.0,0.0,5.0,5,0.0,yes
246,A321,Business,Economy Class,Belfast to London,2021-09-01 00:00:00,4.0,3.0,3.0,0.0,4.0,5,0.0,yes
247,A320,Couple Leisure,Economy Class,Manchester to Aberdeen via Heathrow,2021-08-01 00:00:00,1.0,1.0,1.0,0.0,1.0,1,1.0,no
248,None,Couple Leisure,Business Class,London Heathrow to Tenerife south,2021-09-01 00:00:00,3.0,1.0,2.0,0.0,1.0,1,0.0,no
249,None,Business,Business Class,London to New York,2021-09-01 00:00:00,3.0,1.0,1.0,2.0,3.0,4,2.0,no
250,A320,Couple Leisure,Business Class,London Heathrow to Larnaca,2021-09-01 00:00:00,3.0,3.0,3.0,0.0,3.0,3,2.0,yes
251,A320,Family Leisure,Business Class,London to Lisbon,2021-09-01 00:00:00,3.0,5.0,4.0,0.0,3.0,4,4.0,yes
252,Embraer,Solo Leisure,Economy Class,Frankfurt to London,2021-09-01 00:00:00,4.0,4.0,1.0,0.0,1.0,1,0.0,no
253,None,Business,Economy Class,Geneva to Sao Paulo via London,2020-10-01 00:00:00,0.0,0.0,0.0,0.0,0.0,1,0.0,no
254,None,Family Leisure,Economy Class,Abuja to London,2021-09-01 00:00:00,0.0,0.0,0.0,0.0,1.0,3,0.0,no
255,None,Business,Business Class,Mykonos to New York via London,2021-08-01 00:00:00,0.0,0.0,0.0,0.0,0.0,1,0.0,no
256,None,Solo Leisure,Economy Class,Boston to Tirana London,2021-09-01 00:00:00,2.0,3.0,3.0,3.0,1.0,3,0.0,no
257,None,Couple Leisure,Economy Class,Washington Dulles to London ,2021-08-01 00:00:00,1.0,1.0,1.0,1.0,1.0,1,0.0,no
258,None,Business,Economy Class,Gatwick to Catania,2021-08-01 00:00:00,0.0,0.0,0.0,0.0,0.0,1,0.0,no
259,Boeing 787-8,Solo Leisure,Economy Class,London to Moscow Domodedovo,2021-08-01 00:00:00,5.0,4.0,1.0,1.0,3.0,2,1.0,yes
260,None,Solo Leisure,Economy Class,London to Athens,2021-08-01 00:00:00,4.0,5.0,4.0,0.0,5.0,5,5.0,yes
261,A320,Family Leisure,Economy Class,London to Corfu,2021-08-01 00:00:00,4.0,5.0,4.0,4.0,4.0,4,4.0,yes
262,None,Family Leisure,Business Class,Moscow to London Heathrow,2021-08-01 00:00:00,4.0,1.0,2.0,3.0,1.0,1,0.0,no
263,None,Business,Business Class,London Heathrow to Munich,2021-08-01 00:00:00,3.0,2.0,2.0,0.0,1.0,2,0.0,no
264,A330,Couple Leisure,Business Class,London Heathrow to Nice,2021-07-01 00:00:00,3.0,4.0,5.0,0.0,3.0,3,0.0,no
265,None,Family Leisure,Economy Class,London to Hong Kong,2021-04-01 00:00:00,0.0,0.0,0.0,0.0,0.0,1,0.0,no
266,A230,Solo Leisure,Premium Economy,Belfast to Budapest via Heathrow,2021-07-01 00:00:00,1.0,1.0,0.0,0.0,1.0,1,0.0,no
267,Boeing 777-200,Family Leisure,Business Class,Cancun to Gatwick,2021-07-01 00:00:00,4.0,5.0,5.0,4.0,4.0,4,4.0,yes
268,Boeing 777-200,Family Leisure,Business Class,Gatwick to Cancun,2021-07-01 00:00:00,5.0,5.0,4.0,4.0,4.0,5,4.0,yes
269,None,Family Leisure,Economy Class,None,2021-07-01 00:00:00,0.0,0.0,0.0,0.0,0.0,1,0.0,no
270,None,Family Leisure,Economy Class,Bucharest to Toronto via London,2021-07-01 00:00:00,3.0,3.0,0.0,0.0,1.0,2,0.0,no
271,None,Business,Business Class,Seattle to Bangalore via London,2021-06-01 00:00:00,3.0,4.0,0.0,0.0,3.0,3,0.0,yes
272,Boeing 787,Solo Leisure,Business Class,London to Mexico City,2021-06-01 00:00:00,1.0,2.0,3.0,3.0,3.0,1,1.0,no
273,A320,Couple Leisure,Business Class,Preveza to London,2021-06-01 00:00:00,4.0,3.0,3.0,0.0,5.0,4,0.0,yes
274,None,Solo Leisure,Economy Class,London to Accra,2021-06-01 00:00:00,4.0,4.0,4.0,4.0,4.0,4,0.0,yes
275,A320,Couple Leisure,Business Class,London Heathrow to Preveza,2021-05-01 00:00:00,4.0,4.0,4.0,0.0,5.0,4,0.0,yes
276,None,Family Leisure,Economy Class,Durban to Cape Town,2021-01-01 00:00:00,3.0,3.0,0.0,0.0,3.0,1,0.0,no
277,A321NEO,Solo Leisure,Economy Class,Aberdeen to London Heathrow,2021-05-01 00:00:00,4.0,5.0,4.0,3.0,4.0,4,5.0,yes
278,None,Business,Business Class,Malaga to London,2021-04-01 00:00:00,3.0,3.0,0.0,0.0,4.0,4,0.0,yes
279,Boeing 737-800,Solo Leisure,Economy Class,Johannesburg to Cape Town,2021-04-01 00:00:00,4.0,5.0,4.0,0.0,5.0,4,0.0,yes
280,None,Solo Leisure,Economy Class,Gatwick to Cancun,2020-12-01 00:00:00,2.0,4.0,1.0,3.0,3.0,1,0.0,no
281,None,Couple Leisure,Economy Class,Bridgetown to London,2021-02-01 00:00:00,1.0,1.0,1.0,0.0,1.0,1,0.0,no
282,None,Family Leisure,Economy Class,Ottawa to Ahmedabad,2020-11-01 00:00:00,1.0,1.0,0.0,0.0,1.0,1,0.0,no
283,None,Solo Leisure,Economy Class,Antigua to London,2021-01-01 00:00:00,2.0,2.0,0.0,0.0,1.0,1,0.0,no
284,None,Solo Leisure,Economy Class,Sofia to London Heathrow,2020-12-01 00:00:00,5.0,5.0,5.0,5.0,5.0,3,5.0,no
285,None,Solo Leisure,Economy Class,Mumbai to London,2021-02-01 00:00:00,5.0,5.0,5.0,5.0,4.0,5,0.0,yes
286,Boeing 787-9,Business,First Class,Mexico City to London Heathrow,2021-01-01 00:00:00,2.0,5.0,1.0,2.0,3.0,3,1.0,no
287,None,Family Leisure,Economy Class,London to Maldives,2020-12-01 00:00:00,0.0,0.0,0.0,0.0,0.0,1,0.0,no
288,None,Solo Leisure,Economy Class,Heathrow to Belfast,2020-12-01 00:00:00,5.0,4.0,4.0,0.0,5.0,3,1.0,yes
289,None,Solo Leisure,Economy Class,London to Paris,2020-09-01 00:00:00,5.0,5.0,0.0,0.0,5.0,5,0.0,yes
290,None,Solo Leisure,Economy Class,London to Cairo,2020-12-01 00:00:00,5.0,5.0,0.0,0.0,5.0,4,0.0,yes
291,A350,Solo Leisure,Premium Economy,London Heathrow to Dubai,2020-07-01 00:00:00,4.0,1.0,1.0,5.0,5.0,5,4.0,no
292,A321,Solo Leisure,Business Class,London to Tenerife,2020-12-01 00:00:00,3.0,5.0,3.0,0.0,4.0,4,5.0,yes
293,Boeing 747,Family Leisure,Economy Class,London Heathrow to Lahore,2020-12-01 00:00:00,1.0,1.0,1.0,1.0,1.0,1,1.0,no
294,None,Solo Leisure,Economy Class,London to Venice,2020-10-01 00:00:00,5.0,4.0,3.0,0.0,3.0,5,0.0,yes
295,None,Couple Leisure,Economy Class,Munich to London,2019-11-01 00:00:00,5.0,5.0,5.0,5.0,5.0,5,5.0,yes
296,None,Family Leisure,Economy Class,London to Bangalore,2020-10-01 00:00:00,5.0,5.0,1.0,5.0,5.0,2,3.0,no
297,A320neo,Solo Leisure,Business Class,Warsaw to London-Heathrow,2020-09-01 00:00:00,5.0,5.0,5.0,5.0,4.0,5,5.0,yes
298,A321,Couple Leisure,Economy Class,London to Santorini,2020-08-01 00:00:00,4.0,4.0,3.0,0.0,1.0,2,0.0,no
299,A321,Couple Leisure,Economy Class,London to Paris,2020-02-01 00:00:00,2.0,3.0,2.0,0.0,5.0,1,0.0,no
300,A319,Business,Economy Class,Berlin to London,2020-08-01 00:00:00,1.0,1.0,2.0,0.0,2.0,2,0.0,no
301,A320,Solo Leisure,Economy Class,Newcastle to London Heathrow,2020-07-01 00:00:00,5.0,5.0,3.0,0.0,5.0,5,0.0,yes
302,None,Solo Leisure,Premium Economy,London to Singapore,2020-03-01 00:00:00,0.0,0.0,0.0,0.0,0.0,1,0.0,no
303,None,Family Leisure,Economy Class,Austin to London,2020-07-01 00:00:00,0.0,0.0,0.0,0.0,0.0,1,0.0,no
304,None,Solo Leisure,Economy Class,London to Frankfurt,2020-04-01 00:00:00,0.0,0.0,0.0,0.0,0.0,1,0.0,no
305,None,Business,Economy Class,London Heathrow to Lyon,2020-02-01 00:00:00,1.0,1.0,0.0,0.0,1.0,1,0.0,no
306,Embraer 195,Business,Economy Class,London City to Edinburgh,2019-11-01 00:00:00,3.0,4.0,0.0,0.0,5.0,3,0.0,yes
307,None,Business,First Class,San Francisco to Edinburgh via London,2020-05-01 00:00:00,0.0,0.0,0.0,0.0,0.0,1,0.0,no
308,None,Business,Business Class,Rome to Los Angeles via London,2020-06-01 00:00:00,0.0,0.0,0.0,0.0,0.0,1,0.0,no
309,None,Couple Leisure,Economy Class,Chicago to Seville via Miami / Madrid,2020-03-01 00:00:00,0.0,0.0,0.0,0.0,0.0,1,0.0,no
310,A350,Solo Leisure,Premium Economy,London to Tel Aviv,2020-04-01 00:00:00,0.0,0.0,0.0,0.0,0.0,1,0.0,no
311,None,Couple Leisure,Business Class,San Diego to Barcelona via London,2019-12-01 00:00:00,0.0,0.0,0.0,0.0,0.0,1,0.0,no
312,None,Solo Leisure,Economy Class,Toronto to London,2020-05-01 00:00:00,0.0,0.0,0.0,0.0,0.0,1,0.0,no
313,None,Family Leisure,Premium Economy,Tokyo to London,2020-03-01 00:00:00,3.0,2.0,1.0,3.0,2.0,1,0.0,no
314,None,Couple Leisure,Economy Class,Los Angeles to Paris via London,2020-03-01 00:00:00,3.0,3.0,2.0,3.0,5.0,1,0.0,no
315,A350,Couple Leisure,Business Class,London Heathrow to Toronto ,2020-02-01 00:00:00,5.0,5.0,5.0,5.0,5.0,5,0.0,yes
316,Boeing 747-400,Couple Leisure,Business Class,Las Vegas to London Heathrow ,2020-02-01 00:00:00,5.0,5.0,5.0,2.0,5.0,5,0.0,yes
317,None,Solo Leisure,Economy Class,Sydney to London via Singapore,2020-03-01 00:00:00,1.0,1.0,1.0,2.0,1.0,1,1.0,no
318,None,Business,Economy Class,Zurich to London,2020-04-01 00:00:00,0.0,0.0,0.0,0.0,0.0,1,0.0,no
319,None,Couple Leisure,Business Class,Vienna to London,2020-02-01 00:00:00,3.0,3.0,0.0,0.0,3.0,1,0.0,no
320,A321neo,Solo Leisure,Economy Class,London-Heathrow to Warsaw,2020-03-01 00:00:00,5.0,5.0,0.0,0.0,4.0,3,0.0,yes
321,None,Business,Economy Class,Johannesburg to London,2020-03-01 00:00:00,2.0,3.0,2.0,1.0,1.0,2,1.0,no
322,None,Business,Economy Class,London to Stockholm,2020-04-01 00:00:00,0.0,0.0,0.0,0.0,1.0,1,0.0,no
323,None,Solo Leisure,Economy Class,London to Budapest,2020-03-01 00:00:00,0.0,0.0,0.0,0.0,0.0,1,0.0,no
324,Boeing 747,Solo Leisure,Business Class,Nashville to London via Chicago,2020-03-01 00:00:00,3.0,5.0,4.0,0.0,3.0,1,0.0,no
325,None,Solo Leisure,Economy Class,Vancouver to London,2020-03-01 00:00:00,0.0,0.0,0.0,0.0,1.0,1,0.0,no
326,None,Family Leisure,Economy Class,London to Marrakesh,2019-08-01 00:00:00,0.0,0.0,0.0,0.0,0.0,1,0.0,no
327,Boeing 777,Couple Leisure,Economy Class,Seattle to Heathrow,2020-03-01 00:00:00,0.0,0.0,0.0,0.0,0.0,5,0.0,no
328,None,Couple Leisure,Premium Economy,Mumbai to London Heathrow,2020-03-01 00:00:00,5.0,5.0,4.0,2.0,5.0,5,0.0,yes
329,None,Business,Economy Class,London to Valencia,2020-03-01 00:00:00,0.0,0.0,0.0,0.0,0.0,1,0.0,no
330,None,Couple Leisure,Economy Class,London Gatwick to Funchal,2020-03-01 00:00:00,1.0,4.0,0.0,0.0,1.0,1,0.0,no
331,Boeing 747-400,Business,Business Class,Chicago to London Heathrow,2020-03-01 00:00:00,1.0,1.0,1.0,1.0,1.0,1,1.0,no
332,Boeing 747-400,Business,Business Class,London to New York JFK,2020-02-01 00:00:00,1.0,1.0,1.0,1.0,1.0,1,1.0,no
333,None,Solo Leisure,Economy Class,London to Madrid,2020-03-01 00:00:00,0.0,0.0,0.0,0.0,0.0,1,0.0,no
334,None,Business,Economy Class,Frankfurt to Buenos Aires via London,2019-10-01 00:00:00,2.0,3.0,3.0,2.0,1.0,1,0.0,no
335,None,Business,Business Class,London to Paris CDG,2020-03-01 00:00:00,0.0,0.0,0.0,0.0,0.0,1,0.0,no
336,None,Couple Leisure,Economy Class,London City to Berlin,2020-03-01 00:00:00,0.0,0.0,0.0,0.0,1.0,1,0.0,no
337,Boeing 787,Solo Leisure,Economy Class,London to Beijing,2020-01-01 00:00:00,3.0,5.0,4.0,5.0,4.0,4,0.0,yes
338,A380,Family Leisure,Economy Class,Hong Kong to London,2020-01-01 00:00:00,5.0,5.0,5.0,3.0,5.0,5,0.0,yes
339,Boeing 777-200,Couple Leisure,Economy Class,Mumbai to London,2020-03-01 00:00:00,4.0,5.0,5.0,4.0,5.0,5,0.0,yes
340,Boeing 777-200,Couple Leisure,Economy Class,London to Delhi,2020-02-01 00:00:00,4.0,5.0,5.0,4.0,2.0,4,0.0,yes
341,A319,Business,Business Class,Paris to London,2020-02-01 00:00:00,1.0,4.0,0.0,0.0,1.0,1,0.0,no
342,None,Solo Leisure,Economy Class,Singapore to London,2020-02-01 00:00:00,3.0,3.0,3.0,3.0,1.0,1,0.0,no
343,None,Solo Leisure,Economy Class,Gatwick to Malaga,2020-02-01 00:00:00,2.0,3.0,1.0,0.0,3.0,3,0.0,no
344,Boeing 747-400,Solo Leisure,Premium Economy,Vancouver to London,2020-02-01 00:00:00,4.0,5.0,5.0,5.0,4.0,5,0.0,yes
345,Boeing 787,Business,Business Class,London to Seattle,2020-02-01 00:00:00,0.0,0.0,0.0,0.0,0.0,1,0.0,no
346,Boeing 777,Solo Leisure,First Class,London Heathrow to Nairobi,2020-02-01 00:00:00,3.0,5.0,1.0,3.0,2.0,3,0.0,no
347,None,Couple Leisure,Premium Economy,Dubai to London,2020-02-01 00:00:00,1.0,1.0,1.0,0.0,1.0,1,0.0,no
348,None,Couple Leisure,Business Class,London to Cape Town,2020-02-01 00:00:00,4.0,2.0,1.0,3.0,3.0,3,0.0,no
349,Boeing 787,Solo Leisure,Economy Class,Rio de Janeiro to London ,2020-02-01 00:00:00,1.0,3.0,1.0,1.0,1.0,2,0.0,no
350,None,Solo Leisure,Economy Class,Johannesburg to Dublin via London,2020-02-01 00:00:00,1.0,1.0,0.0,0.0,1.0,1,0.0,no
351,Boeing 747-400,Couple Leisure,Business Class,Las Vegas to Paris via London,2020-02-01 00:00:00,1.0,4.0,3.0,1.0,4.0,1,0.0,no
352,A320,Couple Leisure,Economy Class,Geneva to Gatwick,2020-01-01 00:00:00,0.0,0.0,0.0,0.0,1.0,1,0.0,no
353,None,Solo Leisure,Economy Class,Mexico City to Manchester via London,2020-01-01 00:00:00,5.0,5.0,4.0,5.0,5.0,4,0.0,yes
354,A321,Solo Leisure,Business Class,London Heathrow to Sofia,2019-10-01 00:00:00,4.0,4.0,4.0,0.0,5.0,4,2.0,yes
355,None,Solo Leisure,Economy Class,Manchester to Melbourne via London / Singapore,2019-07-01 00:00:00,2.0,3.0,2.0,0.0,1.0,1,0.0,no
356,A321neo,Business,Business Class,Madrid to London ,2020-01-01 00:00:00,2.0,3.0,2.0,1.0,3.0,2,1.0,no
357,A320,Family Leisure,Economy Class,Prague to London,2020-01-01 00:00:00,5.0,5.0,0.0,0.0,3.0,5,3.0,yes
358,A380-800,Couple Leisure,Business Class,Johannesburg to London,2020-01-01 00:00:00,3.0,4.0,3.0,3.0,3.0,3,0.0,yes
359,Boeing 777-200,Business,Business Class,Las Vegas to Gatwick,2020-01-01 00:00:00,2.0,2.0,2.0,4.0,4.0,1,0.0,no
360,Boeing 747-400,Business,Business Class,San Diego to Stockholm via London,2020-01-01 00:00:00,5.0,5.0,5.0,3.0,1.0,3,1.0,no
361,A320,Couple Leisure,Business Class,Cape Town to Johannesburg,2020-01-01 00:00:00,4.0,4.0,3.0,0.0,4.0,4,0.0,yes
362,None,Solo Leisure,Economy Class,New York to London Heathrow via Copenhagen ,2019-12-01 00:00:00,5.0,5.0,5.0,5.0,5.0,5,1.0,yes
363,Boeing 787-9,Business,Business Class,Phoenix to London,2020-01-01 00:00:00,3.0,5.0,4.0,4.0,3.0,5,0.0,yes
364,Boeing 777-200,Solo Leisure,Economy Class,London Heathrow to Bangkok,2020-01-01 00:00:00,2.0,4.0,4.0,1.0,4.0,2,1.0,no
365,Boeing 777-200ER,Solo Leisure,Economy Class,Mumbai to Boston via London,2020-01-01 00:00:00,2.0,5.0,5.0,2.0,1.0,3,1.0,yes
366,None,Family Leisure,Economy Class,"Orlando, Florida to Accra, Ghana",2019-12-01 00:00:00,1.0,1.0,1.0,1.0,1.0,1,1.0,no
367,Boeing 787 / A320,Solo Leisure,Economy Class,Toronto to Geneva via London,2020-01-01 00:00:00,4.0,5.0,4.0,3.0,4.0,3,0.0,yes
368,Boeing 777-300,Solo Leisure,First Class,Hong Kong to London,2020-01-01 00:00:00,4.0,5.0,5.0,4.0,4.0,4,0.0,yes
369,Boeing 787,Business,Economy Class,San Jose to Amsterdam via London,2020-01-01 00:00:00,1.0,1.0,2.0,3.0,2.0,3,0.0,no
370,Boeing 777,Couple Leisure,Business Class,Singapore to Paris via London,2020-01-01 00:00:00,3.0,4.0,4.0,4.0,1.0,2,0.0,no
371,A321neo,Solo Leisure,Economy Class,Warsaw to London,2020-01-01 00:00:00,5.0,5.0,5.0,0.0,4.0,5,0.0,yes
372,Boeing 747-400,Family Leisure,Economy Class,New York  to London Heathrow,2020-01-01 00:00:00,4.0,5.0,3.0,4.0,5.0,4,0.0,yes
373,None,Family Leisure,Economy Class,London to Los Angeles,2019-12-01 00:00:00,2.0,1.0,2.0,0.0,1.0,3,1.0,no
374,Boeing 737-800,Couple Leisure,Business Class,Johannesburg to Cape Town,2020-01-01 00:00:00,3.0,3.0,3.0,0.0,4.0,4,0.0,yes
375,None,Business,Business Class,London to Bangkok,2020-01-01 00:00:00,2.0,1.0,1.0,0.0,2.0,2,0.0,no
376,A380,Couple Leisure,Business Class,London to Johannesburg,2020-01-01 00:00:00,4.0,4.0,4.0,3.0,4.0,4,2.0,yes
377,Boeing 777-200 / 747-400,Solo Leisure,Economy Class,Boston to Mumbai via London,2019-12-01 00:00:00,2.0,5.0,4.0,2.0,1.0,5,0.0,yes
378,None,Couple Leisure,Business Class,Los Angeles to London,2020-01-01 00:00:00,1.0,1.0,1.0,0.0,1.0,1,0.0,no
379,None,Solo Leisure,Premium Economy,Gatwick to Cancun,2020-01-01 00:00:00,3.0,1.0,1.0,2.0,3.0,2,1.0,no
380,A320,Solo Leisure,Business Class,London Gatwick to Glasgow,2020-01-01 00:00:00,4.0,5.0,4.0,0.0,5.0,4,0.0,yes
381,Boeing 787-8,Solo Leisure,Business Class,Rio De Janeiro to London Heathrow,2019-12-01 00:00:00,5.0,5.0,5.0,0.0,4.0,5,0.0,yes
382,A320,Business,Business Class,Gatwick to Tirana,2020-01-01 00:00:00,1.0,3.0,2.0,1.0,4.0,2,5.0,yes
383,A320,Couple Leisure,Business Class,Keflavik to London Heathrow,2020-01-01 00:00:00,3.0,5.0,5.0,0.0,4.0,5,0.0,yes
384,None,Couple Leisure,Economy Class,London Heathrow to Vancouver,2020-01-01 00:00:00,1.0,3.0,1.0,1.0,2.0,1,1.0,no
385,None,Couple Leisure,Economy Class,Tokyo to London Heathrow,2020-01-01 00:00:00,2.0,1.0,1.0,1.0,5.0,1,1.0,no
386,A380,Couple Leisure,Business Class,London to Hong Kong,2019-12-01 00:00:00,3.0,4.0,3.0,4.0,1.0,3,0.0,no
387,Boeing 747,Family Leisure,Business Class,Los Angeles to London Heathrow,2020-01-01 00:00:00,1.0,3.0,2.0,2.0,1.0,1,1.0,no
388,A320,Solo Leisure,Economy Class,Istanbul to London,2020-01-01 00:00:00,2.0,2.0,0.0,0.0,1.0,1,0.0,no
389,None,Solo Leisure,Economy Class,London to Bucharest,2019-12-01 00:00:00,2.0,2.0,1.0,0.0,1.0,1,0.0,no
390,Boeing 787-9,Solo Leisure,Business Class,London to Rio De Janeiro,2019-12-01 00:00:00,5.0,5.0,5.0,5.0,4.0,5,2.0,yes
391,A321neo,Family Leisure,Economy Class,London to Athens,2019-12-01 00:00:00,3.0,1.0,1.0,0.0,3.0,4,0.0,no
392,None,Solo Leisure,Economy Class,Copenhagen to London,2019-12-01 00:00:00,2.0,1.0,1.0,0.0,1.0,1,0.0,no
393,A320,Solo Leisure,Economy Class,Budapest to Billund via London,2019-12-01 00:00:00,3.0,3.0,2.0,1.0,4.0,3,0.0,yes
394,None,Solo Leisure,Economy Class,Cape Town to Brussels via London,2019-12-01 00:00:00,3.0,5.0,4.0,3.0,4.0,4,3.0,yes
395,Boeing 777-300ER,Solo Leisure,Economy Class,Sydney to Toulouse via Singapore / London,2019-12-01 00:00:00,5.0,5.0,5.0,2.0,4.0,5,1.0,yes
396,A321neo,Solo Leisure,Business Class,Sofia to London,2019-10-01 00:00:00,3.0,4.0,4.0,0.0,3.0,4,0.0,yes
397,None,Couple Leisure,Business Class,Edinburgh to Barbados via Gatwick,2019-12-01 00:00:00,5.0,5.0,5.0,5.0,5.0,5,0.0,yes
398,A320,Solo Leisure,Economy Class,London to Munich,2019-12-01 00:00:00,2.0,1.0,0.0,0.0,1.0,1,0.0,no
399,None,Family Leisure,Economy Class,Hong Kong to London,2019-12-01 00:00:00,0.0,0.0,0.0,0.0,0.0,2,0.0,no
400,None,Couple Leisure,Economy Class,London to Paris,2019-08-01 00:00:00,2.0,2.0,0.0,0.0,1.0,1,0.0,no
401,Boeing 777 - 200,Business,Economy Class,New York to London,2019-12-01 00:00:00,2.0,2.0,1.0,1.0,5.0,5,0.0,no
402,None,Family Leisure,Premium Economy,Austin to London,2019-10-01 00:00:00,0.0,0.0,0.0,0.0,0.0,1,0.0,no
403,None,Couple Leisure,Economy Class,Frankfurt to London,2019-12-01 00:00:00,1.0,1.0,1.0,1.0,1.0,1,1.0,no
404,None,Solo Leisure,Economy Class,London to Glasgow,2019-12-01 00:00:00,1.0,1.0,1.0,1.0,1.0,1,1.0,no
405,Boeing 747-400,Business,Business Class,London to San Francisco ,2019-12-01 00:00:00,3.0,5.0,4.0,4.0,5.0,4,5.0,yes
406,A319,Couple Leisure,Economy Class,Heathrow to Belfast,2019-12-01 00:00:00,2.0,5.0,5.0,0.0,1.0,3,0.0,no
407,A380,Solo Leisure,Business Class,London to Singapore,2019-10-01 00:00:00,4.0,5.0,5.0,1.0,5.0,5,1.0,yes
408,None,Business,Economy Class,Toulouse to London,2019-11-01 00:00:00,1.0,1.0,0.0,0.0,3.0,1,0.0,no
409,A319,Solo Leisure,Business Class,London Heathrow to Stockholm,2019-11-01 00:00:00,3.0,5.0,5.0,0.0,5.0,4,0.0,yes
410,A380,Family Leisure,Economy Class,Johannesburg to London,2019-11-01 00:00:00,1.0,3.0,3.0,3.0,2.0,1,0.0,no
411,A380,Couple Leisure,Business Class,Johannesburg to London,2019-12-01 00:00:00,3.0,3.0,3.0,3.0,3.0,4,0.0,yes
412,Boeing 747-400,Solo Leisure,First Class,London Heathrow to Miami,2019-11-01 00:00:00,4.0,5.0,5.0,5.0,5.0,5,1.0,yes
413,A319,Solo Leisure,Business Class,Stockholm to London Heathrow,2019-11-01 00:00:00,3.0,5.0,5.0,0.0,5.0,4,0.0,yes
414,Boeing 777-300,Couple Leisure,Economy Class,London to Sydney via Singapore,2019-11-01 00:00:00,3.0,4.0,4.0,2.0,3.0,4,0.0,yes
415,Boeing 747-400,Couple Leisure,Business Class,London to New York JFK,2019-11-01 00:00:00,1.0,4.0,3.0,1.0,1.0,1,0.0,no
416,Boeing 777-200,Solo Leisure,Business Class,Gatwick to Bridgetown,2019-12-01 00:00:00,3.0,2.0,3.0,3.0,3.0,2,0.0,no
417,Boeing 777,Business,Business Class,Brussels to Bangkok via London,2019-11-01 00:00:00,4.0,2.0,2.0,3.0,4.0,3,0.0,no
418,Boeing 777-200,Business,Economy Class,San Francisco to Oslo via London,2019-11-01 00:00:00,1.0,2.0,2.0,0.0,1.0,1,0.0,no
419,None,Couple Leisure,Economy Class,Los Angeles to Berlin via London,2019-11-01 00:00:00,3.0,1.0,0.0,0.0,1.0,1,0.0,no
420,A380,Couple Leisure,Business Class,London to Johannesburg ,2019-11-01 00:00:00,3.0,3.0,3.0,3.0,3.0,3,0.0,yes
421,None,Business,Premium Economy,London to Bangalore,2019-11-01 00:00:00,4.0,4.0,2.0,0.0,2.0,2,0.0,no
422,None,Solo Leisure,Economy Class,London to Sydney via Singapore,2019-11-01 00:00:00,5.0,5.0,3.0,0.0,5.0,5,0.0,yes
423,None,Solo Leisure,Economy Class,Lisbon to London,2019-11-01 00:00:00,1.0,0.0,0.0,0.0,1.0,1,0.0,no
424,None,Solo Leisure,Economy Class,London Heathrow to Glasgow,2019-11-01 00:00:00,4.0,3.0,0.0,0.0,4.0,2,0.0,no
425,Boeing 787-9,Family Leisure,Economy Class,doha to londonDoha to London,2019-11-01 00:00:00,5.0,5.0,4.0,4.0,5.0,5,0.0,yes
426,None,Family Leisure,Economy Class,London to Buenos Aires,2019-11-01 00:00:00,2.0,3.0,2.0,1.0,3.0,2,1.0,no
427,A380,Couple Leisure,Economy Class,San Francisco to London,2019-11-01 00:00:00,4.0,2.0,3.0,2.0,3.0,3,0.0,no
428,Boeing 777-300,Business,Business Class,Sydney to Singapore,2019-11-01 00:00:00,1.0,1.0,1.0,1.0,2.0,1,1.0,no
429,Boeing 777,Family Leisure,Economy Class,London to Mauritius,2019-11-01 00:00:00,1.0,4.0,1.0,1.0,1.0,2,1.0,no
430,None,Business,Business Class,Los Angeles to Amsterdam via London,2019-11-01 00:00:00,5.0,5.0,5.0,5.0,5.0,5,5.0,yes
431,Boeing 747-400,Solo Leisure,Economy Class,London to Vancouver,2019-11-01 00:00:00,2.0,2.0,2.0,1.0,2.0,3,0.0,no
432,Boeing 747-400,Couple Leisure,Economy Class,New York to Paris via London,2019-11-01 00:00:00,1.0,1.0,1.0,1.0,1.0,1,2.0,no
433,A320,Couple Leisure,Business Class,London Heathrow to Lisbon,2019-11-01 00:00:00,4.0,1.0,2.0,0.0,5.0,2,0.0,no
434,Boeing 777,Solo Leisure,Economy Class,London to Boston,2019-11-01 00:00:00,4.0,4.0,4.0,4.0,4.0,3,1.0,yes
435,A320,Business,Economy Class,Tirana to London ,2019-11-01 00:00:00,4.0,5.0,3.0,5.0,5.0,5,5.0,yes
436,Boeing 747-400,Solo Leisure,Economy Class,Gatwick to St Lucia,2019-11-01 00:00:00,5.0,5.0,5.0,5.0,5.0,5,0.0,yes
437,None,Family Leisure,Economy Class,London to Singapore,2019-11-01 00:00:00,4.0,5.0,4.0,5.0,5.0,4,0.0,yes
438,None,Solo Leisure,Economy Class,London to San Francisco,2019-11-01 00:00:00,1.0,4.0,3.0,2.0,4.0,2,0.0,no
439,A320,Couple Leisure,Business Class,Gatwick to Venice,2019-09-01 00:00:00,4.0,5.0,4.0,0.0,5.0,4,0.0,yes
440,None,Couple Leisure,Economy Class,Bordeaux to Gatwick,2019-09-01 00:00:00,0.0,0.0,0.0,0.0,0.0,1,0.0,no
441,Boeing 787-9,Couple Leisure,Business Class,Seychelles to London,2019-10-01 00:00:00,5.0,5.0,5.0,5.0,4.0,5,0.0,yes
442,A320,Couple Leisure,Economy Class,London to Belfast,2019-10-01 00:00:00,3.0,2.0,0.0,0.0,1.0,2,0.0,no
443,None,Business,Premium Economy,London to Cape Town,2019-10-01 00:00:00,0.0,0.0,0.0,0.0,1.0,1,0.0,no
444,Boeing 787,Couple Leisure,Business Class,San Jose to London,2019-10-01 00:00:00,2.0,4.0,4.0,1.0,3.0,2,0.0,no
445,A321neo,Solo Leisure,Economy Class,London Heathrow to Edinburgh,2019-10-01 00:00:00,1.0,3.0,1.0,0.0,3.0,3,0.0,yes
446,Boeing 777-200,Family Leisure,Economy Class,Gatwick to Barbados,2019-10-01 00:00:00,4.0,4.0,4.0,5.0,5.0,5,5.0,yes
447,Boeing 777,Couple Leisure,Economy Class,Toronto to London,2019-10-01 00:00:00,3.0,5.0,5.0,5.0,5.0,5,0.0,yes
448,None,Solo Leisure,Economy Class,Jeddah to London,2019-10-01 00:00:00,1.0,1.0,1.0,5.0,1.0,1,0.0,no
449,None,Business,Economy Class,Zurich to London,2019-10-01 00:00:00,1.0,1.0,0.0,0.0,2.0,3,0.0,no
450,A380,Couple Leisure,Business Class,San Francisco to London,2019-10-01 00:00:00,5.0,5.0,5.0,4.0,5.0,4,0.0,yes
451,A319,Solo Leisure,Business Class,London to Belfast,2019-10-01 00:00:00,5.0,5.0,5.0,0.0,5.0,5,0.0,yes
452,None,Couple Leisure,Economy Class,London Gatwick to Salzburg ,2019-04-01 00:00:00,2.0,3.0,3.0,2.0,2.0,2,2.0,no
453,None,Business,Economy Class,Frankfurt to London,2019-10-01 00:00:00,1.0,4.0,2.0,0.0,1.0,1,0.0,no
454,None,Business,Economy Class,Hyderabad to San Francisco via London,2019-10-01 00:00:00,3.0,5.0,2.0,3.0,3.0,3,0.0,no
455,Boeing 747-400,Business,Business Class,Vancouver to London,2019-10-01 00:00:00,4.0,1.0,1.0,4.0,3.0,2,0.0,no
456,A320,Solo Leisure,Economy Class,London to Malaga,2019-10-01 00:00:00,1.0,1.0,0.0,0.0,1.0,1,0.0,no
457,A320,Business,Economy Class,Brussels to London,2019-10-01 00:00:00,4.0,4.0,0.0,0.0,1.0,2,0.0,no
458,Boeing 777,Couple Leisure,Premium Economy,London to Singapore,2019-10-01 00:00:00,1.0,1.0,1.0,0.0,3.0,1,0.0,no
459,Boeing 787,Solo Leisure,Premium Economy,Kuala Lumpur to Glasgow via London,2019-10-01 00:00:00,5.0,1.0,2.0,3.0,2.0,1,0.0,no
460,Boeing 787-900,Couple Leisure,Business Class,London Heathrow to Seychelles,2019-10-01 00:00:00,5.0,5.0,5.0,5.0,5.0,5,0.0,yes
461,None,Couple Leisure,Economy Class,Edinburgh to London Heathrow,2019-10-01 00:00:00,3.0,3.0,0.0,0.0,1.0,1,0.0,no
462,A321,Couple Leisure,Economy Class,Amman to London,2019-09-01 00:00:00,4.0,4.0,4.0,4.0,4.0,4,0.0,yes
463,A320,Business,Economy Class,London to Athens,2019-10-01 00:00:00,3.0,2.0,0.0,0.0,4.0,2,0.0,no
464,Boeing 777,Couple Leisure,Economy Class,New York JFK to London,2019-10-01 00:00:00,1.0,2.0,1.0,1.0,1.0,1,0.0,no
465,Boeing 777-200,Couple Leisure,Premium Economy,Buenos Aires to London Heathrow,2019-09-01 00:00:00,1.0,3.0,1.0,1.0,4.0,1,0.0,no
466,"Boeing 787-9, A320-200",Solo Leisure,Economy Class,Mexico City to Barcelona via London Heathrow,2019-09-01 00:00:00,5.0,4.0,4.0,4.0,4.0,3,0.0,yes
467,A319,Couple Leisure,Economy Class,Bari to London Gatwick,2019-09-01 00:00:00,4.0,5.0,4.0,0.0,4.0,5,0.0,yes
468,Boeing 787,Couple Leisure,Premium Economy,Abu Dhabi to London Heathrow,2019-09-01 00:00:00,1.0,3.0,1.0,0.0,4.0,1,0.0,no
469,Boeing 787-900,Couple Leisure,Economy Class,London Heathrow to Abu Dhabi,2019-10-01 00:00:00,5.0,5.0,5.0,4.0,5.0,4,3.0,yes
470,None,Couple Leisure,Economy Class,Johannesburg to Amsterdam via London,2019-09-01 00:00:00,4.0,5.0,1.0,1.0,1.0,2,2.0,no
471,A350,Business,Business Class,Dubai to London Heathrow,2019-09-01 00:00:00,5.0,5.0,5.0,3.0,5.0,4,4.0,yes
472,None,Solo Leisure,Economy Class,Istanbul to New York via London,2019-10-01 00:00:00,3.0,3.0,3.0,3.0,1.0,1,0.0,no
473,None,Couple Leisure,Economy Class,Rome to London Heathrow,2019-10-01 00:00:00,2.0,5.0,5.0,0.0,5.0,5,0.0,yes
474,A320,Business,Economy Class,London to Athens,2019-10-01 00:00:00,1.0,3.0,0.0,0.0,1.0,1,0.0,no
475,A320,Solo Leisure,Economy Class,London Heathrow to Newcastle,2019-10-01 00:00:00,4.0,4.0,0.0,0.0,5.0,4,0.0,yes
476,None,Solo Leisure,Economy Class,Calgary to Gothenburg via London,2019-09-01 00:00:00,1.0,4.0,3.0,4.0,4.0,3,0.0,yes
477,Boeing 787-9,Family Leisure,Economy Class,Kuala Lumpur to London,2019-10-01 00:00:00,5.0,5.0,5.0,5.0,5.0,5,0.0,yes
478,Boeing 747,Couple Leisure,Business Class,Austin to London,2019-10-01 00:00:00,3.0,3.0,3.0,0.0,3.0,4,0.0,yes
479,Boeing 787,Couple Leisure,Premium Economy,London to Kuala Lumpur,2019-08-01 00:00:00,5.0,4.0,3.0,4.0,4.0,4,4.0,yes
480,None,Couple Leisure,Premium Economy,Newark to Madrid via London,2019-10-01 00:00:00,3.0,3.0,1.0,3.0,3.0,3,1.0,no
481,None,Couple Leisure,Business Class,Kos to Gatwick,2019-10-01 00:00:00,4.0,3.0,2.0,0.0,1.0,3,2.0,no
482,A320,Business,Business Class,Gatwick to Alicante,2019-09-01 00:00:00,5.0,5.0,5.0,5.0,2.0,5,0.0,yes
483,A380,Solo Leisure,Premium Economy,Vancouver to London,2019-09-01 00:00:00,5.0,5.0,4.0,4.0,4.0,4,0.0,yes
484,None,Couple Leisure,Economy Class,Gatwick to Alicante,2019-09-01 00:00:00,1.0,3.0,0.0,0.0,3.0,1,0.0,no
485,Boeing 747,Couple Leisure,Business Class,London Heathrow to Austin,2019-09-01 00:00:00,4.0,5.0,4.0,2.0,3.0,5,0.0,yes
486,Boeing 747,Couple Leisure,Business Class,London Heathrow to Austin,2019-09-01 00:00:00,4.0,4.0,4.0,1.0,4.0,4,0.0,yes
487,None,Couple Leisure,Economy Class,London Gatwick to Jersey,2019-09-01 00:00:00,0.0,0.0,0.0,0.0,0.0,1,0.0,no
488,A320,Couple Leisure,Business Class,Cephalonia to London ,2019-09-01 00:00:00,3.0,4.0,4.0,0.0,3.0,3,4.0,yes
489,A380,Family Leisure,Economy Class,Chicago to Zurich via London,2019-08-01 00:00:00,1.0,4.0,1.0,1.0,1.0,3,0.0,no
490,None,Solo Leisure,Business Class,Glasgow to London,2019-09-01 00:00:00,4.0,5.0,5.0,0.0,5.0,5,0.0,yes
491,A321,Solo Leisure,Economy Class,London Heathrow to Berlin Tegel,2019-09-01 00:00:00,5.0,5.0,3.0,0.0,3.0,5,0.0,yes
492,None,Couple Leisure,Business Class,London to Milan,2019-09-01 00:00:00,1.0,1.0,0.0,0.0,1.0,1,0.0,no
493,EMB190,Business,Economy Class,London to Geneva,2019-09-01 00:00:00,4.0,2.0,1.0,0.0,4.0,2,0.0,no
494,None,Couple Leisure,Business Class,Los Angeles to Istanbul via London,2019-09-01 00:00:00,2.0,4.0,1.0,0.0,1.0,1,0.0,no
495,None,Family Leisure,Premium Economy,Phoenix to Tel Aviv via London,2019-08-01 00:00:00,3.0,5.0,3.0,3.0,1.0,1,1.0,no
496,A320,Couple Leisure,Business Class,London to Kefalonia ,2019-09-01 00:00:00,3.0,2.0,2.0,0.0,3.0,3,0.0,no
497,None,Solo Leisure,Economy Class,London to Dublin,2019-09-01 00:00:00,2.0,5.0,0.0,0.0,1.0,3,0.0,no
498,None,Couple Leisure,Business Class,Hong Kong to London,2019-09-01 00:00:00,3.0,4.0,1.0,1.0,1.0,1,0.0,no
499,None,Couple Leisure,Economy Class,Gatwick to Seville,2019-09-01 00:00:00,3.0,3.0,0.0,0.0,1.0,1,0.0,no
500,Boeing 777-200,Business,Economy Class,London Heathrow to Abuja Nigeria,2019-09-01 00:00:00,3.0,4.0,1.0,1.0,1.0,2,0.0,no
501,Boeing 777-300,Solo Leisure,Economy Class,London to Bangkok,2019-09-01 00:00:00,2.0,3.0,4.0,1.0,4.0,3,0.0,no
502,Boeing 747-400,Couple Leisure,Business Class,Belfast to San Francisco via London,2019-08-01 00:00:00,5.0,5.0,5.0,5.0,5.0,5,0.0,yes
503,A319,Couple Leisure,Economy Class,London to Gothenburg,2019-09-01 00:00:00,4.0,4.0,0.0,0.0,4.0,4,0.0,yes
504,None,Family Leisure,Business Class,Orlando to Gatwick,2019-07-01 00:00:00,1.0,1.0,1.0,0.0,1.0,1,0.0,no
505,Boeing 787 / A320,Solo Leisure,Business Class,Mahe to Stockholm via London ,2019-09-01 00:00:00,1.0,2.0,2.0,4.0,1.0,2,0.0,no
506,A319 / Boeing777,Couple Leisure,Business Class,Glasgow to Tampa via Gatwick,2019-09-01 00:00:00,4.0,5.0,3.0,3.0,5.0,4,0.0,yes
507,Boeing 777-200,Family Leisure,Economy Class,Orlando to Gatwick,2019-09-01 00:00:00,2.0,3.0,1.0,4.0,3.0,1,0.0,no
508,Boeing 787,Family Leisure,Economy Class,London to Abu Dhabi,2019-08-01 00:00:00,3.0,4.0,5.0,5.0,4.0,4,0.0,yes
509,A320,Couple Leisure,Business Class,London to St Petersburgh,2019-08-01 00:00:00,1.0,3.0,1.0,0.0,5.0,1,0.0,no
510,Boeing 777,Business,Premium Economy,Sydney to London via Singapore,2019-05-01 00:00:00,4.0,2.0,1.0,2.0,4.0,3,3.0,no
511,A380,Couple Leisure,Business Class,London to Johannesburg,2019-09-01 00:00:00,1.0,1.0,0.0,0.0,1.0,1,0.0,no
512,None,Family Leisure,Business Class,Palma de Mallorca to London Heathrow,2019-08-01 00:00:00,1.0,3.0,2.0,0.0,3.0,1,0.0,no
513,None,Family Leisure,Economy Class,Chennai to London,2019-08-01 00:00:00,5.0,5.0,4.0,4.0,5.0,5,0.0,yes
514,None,Solo Leisure,Economy Class,Edinburgh to Kuala Lumpur via London,2019-07-01 00:00:00,5.0,5.0,5.0,5.0,5.0,5,0.0,yes
515,None,Business,Business Class,London City to Amsterdam,2019-07-01 00:00:00,3.0,3.0,0.0,0.0,1.0,1,0.0,no
516,None,Solo Leisure,Economy Class,Dublin to Mauritius via London,2019-02-01 00:00:00,0.0,0.0,0.0,0.0,0.0,1,0.0,no
517,Boeing 777-200,Family Leisure,First Class,London to Shanghai,2019-08-01 00:00:00,5.0,5.0,4.0,3.0,5.0,5,3.0,yes
518,None,Business,Business Class,Chicago to Heathrow via Barcelona,2019-08-01 00:00:00,3.0,3.0,3.0,4.0,1.0,3,4.0,no
519,None,Family Leisure,Economy Class,New Orleans to London,2018-11-01 00:00:00,5.0,5.0,5.0,5.0,5.0,5,5.0,yes
520,Boeing 747,Family Leisure,Premium Economy,Boston to Copenhagen via London,2019-06-01 00:00:00,1.0,1.0,1.0,1.0,1.0,1,1.0,no
521,None,Couple Leisure,Economy Class,Hong Kong to Copenhagen via London ,2019-08-01 00:00:00,3.0,2.0,0.0,0.0,1.0,2,0.0,no
522,Boeing 777-200,Business,Business Class,London Gatwick to San Jose Costa Rica,2019-07-01 00:00:00,1.0,3.0,4.0,1.0,5.0,1,1.0,no
523,Boeing 777,Solo Leisure,Economy Class,London to Dubai,2019-08-01 00:00:00,3.0,4.0,3.0,3.0,1.0,3,0.0,no
524,"A340-300, A320",Family Leisure,Business Class,Toronto to Pisa London Heathrow,2019-08-01 00:00:00,4.0,5.0,5.0,5.0,5.0,5,0.0,yes
525,A320,Family Leisure,Economy Class,London Heathrow to Venice Marco Polo,2019-08-01 00:00:00,4.0,5.0,0.0,0.0,4.0,4,4.0,yes
526,None,Couple Leisure,Premium Economy,Chicago to London,2019-08-01 00:00:00,2.0,4.0,2.0,2.0,1.0,3,4.0,no
527,A321neo,Family Leisure,Economy Class,London to Larnaca,2019-08-01 00:00:00,1.0,3.0,0.0,0.0,2.0,1,0.0,no
528,Boeing 777-200,Family Leisure,Economy Class,Gatwick to Orlando,2019-07-01 00:00:00,4.0,5.0,4.0,4.0,5.0,4,0.0,yes
529,A320,Family Leisure,Economy Class,London to Munich,2019-08-01 00:00:00,4.0,4.0,0.0,0.0,2.0,3,0.0,yes
530,None,Business,Economy Class,London to Glasgow,2019-06-01 00:00:00,2.0,2.0,3.0,0.0,1.0,1,0.0,no
531,None,Business,Business Class,London to Hong Kong,2019-08-01 00:00:00,1.0,5.0,3.0,3.0,4.0,1,0.0,no
532,A320,Solo Leisure,Economy Class,Vienna to Heathrow,2019-07-01 00:00:00,4.0,5.0,5.0,3.0,5.0,4,0.0,yes
533,A321,Couple Leisure,Business Class,Malaga to London ,2019-08-01 00:00:00,1.0,2.0,2.0,1.0,1.0,1,1.0,no
534,None,Couple Leisure,Business Class,Sydney to Singapore,2019-08-01 00:00:00,1.0,4.0,3.0,3.0,1.0,1,1.0,no
535,None,Solo Leisure,Economy Class,London Heathrow to Inverness,2019-08-01 00:00:00,2.0,3.0,0.0,0.0,1.0,1,0.0,no
536,None,Solo Leisure,Economy Class,Heathrow to Glasgow,2019-08-01 00:00:00,1.0,1.0,0.0,0.0,1.0,1,0.0,no
537,None,Solo Leisure,Economy Class,Inverness to Vancouver via London,2019-08-01 00:00:00,2.0,2.0,1.0,1.0,1.0,1,1.0,no
538,None,Couple Leisure,Economy Class,London Heathrow to Brussels,2019-08-01 00:00:00,2.0,4.0,2.0,1.0,1.0,1,0.0,no
539,None,Solo Leisure,Economy Class,London to Nice,2019-08-01 00:00:00,0.0,0.0,0.0,0.0,1.0,1,0.0,no
540,A320,Couple Leisure,Business Class,Palma to London Heathrow,2019-08-01 00:00:00,1.0,1.0,1.0,1.0,1.0,1,1.0,no
541,None,Couple Leisure,Economy Class,London City to Ibiza,2019-08-01 00:00:00,3.0,2.0,1.0,0.0,2.0,2,0.0,no
542,None,Family Leisure,Economy Class,London to Faro,2019-08-01 00:00:00,0.0,0.0,0.0,0.0,0.0,1,0.0,no
543,None,Couple Leisure,Economy Class,Calgary to London,2019-07-01 00:00:00,3.0,1.0,1.0,4.0,5.0,3,0.0,no
544,A321-200,Family Leisure,Economy Class,London Heathrow to Sofia,2019-07-01 00:00:00,5.0,5.0,4.0,0.0,4.0,4,0.0,yes
545,None,Solo Leisure,Business Class,Nice to Kuwait via London,2019-07-01 00:00:00,1.0,1.0,0.0,0.0,1.0,1,0.0,no
546,Boeing 777,Couple Leisure,Economy Class,Buenos Aires to London Heathrow,2019-07-01 00:00:00,3.0,5.0,4.0,2.0,4.0,4,0.0,yes
547,Boeing 777-300ER,Family Leisure,Economy Class,Hong Kong to London,2019-07-01 00:00:00,4.0,3.0,3.0,3.0,2.0,3,2.0,yes
548,None,Business,Premium Economy,London Heathrow to Las Vegas,2019-07-01 00:00:00,3.0,4.0,4.0,4.0,1.0,3,1.0,no
549,A320,Solo Leisure,Business Class,London Heathrow to Malaga,2019-07-01 00:00:00,2.0,1.0,1.0,0.0,3.0,1,0.0,no
550,B777-200,Business,Economy Class,London to Delhi,2019-06-01 00:00:00,1.0,1.0,3.0,2.0,3.0,2,0.0,no
551,None,Solo Leisure,Economy Class,Seattle to Durban via London,2019-07-01 00:00:00,4.0,5.0,3.0,4.0,5.0,5,0.0,yes
552,Boeing 747-400,Family Leisure,Economy Class,London Heathrow to Austin,2019-07-01 00:00:00,1.0,3.0,1.0,1.0,3.0,2,1.0,no
553,A320,Business,Business Class,Mykonos to London,2019-07-01 00:00:00,2.0,1.0,0.0,0.0,1.0,1,0.0,no
554,Boeing 737-800,Family Leisure,Economy Class,Johannesburg OR Tambo to Cape Town,2019-07-01 00:00:00,4.0,5.0,5.0,5.0,5.0,5,0.0,yes
555,Boeing 777-200,Family Leisure,Economy Class,Grenada to Gatwick,2019-07-01 00:00:00,1.0,4.0,3.0,5.0,4.0,3,0.0,yes
556,None,Family Leisure,Economy Class,Prague to London,2019-07-01 00:00:00,1.0,1.0,0.0,0.0,1.0,1,0.0,no
557,Boeing 777,Solo Leisure,Premium Economy,London to Dubai,2019-07-01 00:00:00,5.0,5.0,3.0,5.0,5.0,5,5.0,yes
558,None,Family Leisure,Economy Class,Tel Aviv to Toronto via London,2019-07-01 00:00:00,4.0,5.0,4.0,4.0,4.0,5,0.0,yes
559,A321,Solo Leisure,Business Class,Heathrow to Manchester,2019-07-01 00:00:00,2.0,3.0,0.0,0.0,1.0,1,0.0,no
560,A320,Solo Leisure,Business Class,Brussels to Larnaca via London,2019-06-01 00:00:00,3.0,4.0,4.0,0.0,4.0,4,0.0,yes
561,A320,Couple Leisure,Business Class,Stockholm to London,2019-07-01 00:00:00,2.0,1.0,1.0,0.0,3.0,1,0.0,no
562,None,Business,Business Class,Toronto to London,2019-07-01 00:00:00,2.0,1.0,3.0,0.0,1.0,1,0.0,no
563,Boeing 737,Family Leisure,Premium Economy,Orlando to London,2019-07-01 00:00:00,3.0,4.0,1.0,3.0,3.0,3,1.0,yes
564,A320,Couple Leisure,Business Class,Lisbon to London,2019-07-01 00:00:00,1.0,1.0,1.0,0.0,2.0,1,0.0,no
565,A320,Solo Leisure,Economy Class,Heathrow to Marseille,2018-09-01 00:00:00,1.0,1.0,1.0,1.0,1.0,1,1.0,no
566,A320,Business,Business Class,Madrid to London,2019-07-01 00:00:00,3.0,1.0,0.0,0.0,1.0,1,0.0,no
567,None,Family Leisure,Economy Class,Gatwick to Glasgow,2019-07-01 00:00:00,1.0,1.0,0.0,0.0,1.0,1,0.0,no
568,None,Couple Leisure,Economy Class,Frankfurt to London,2019-07-01 00:00:00,3.0,1.0,0.0,0.0,1.0,1,0.0,no
569,None,Couple Leisure,Economy Class,London to Olbia,2019-07-01 00:00:00,2.0,1.0,1.0,0.0,2.0,1,1.0,no
570,None,Solo Leisure,Economy Class,Rotterdam to London City,2019-07-01 00:00:00,3.0,4.0,3.0,0.0,1.0,2,0.0,no
571,A320 neo,Business,Economy Class,Dublin to London,2019-07-01 00:00:00,4.0,4.0,0.0,0.0,4.0,4,0.0,yes
572,B777-200,Couple Leisure,Economy Class,Barbados to Gatwick,2019-07-01 00:00:00,3.0,1.0,1.0,4.0,3.0,3,0.0,no
573,A380,Solo Leisure,Economy Class,London Heathrow to Singapore,2019-06-01 00:00:00,5.0,5.0,5.0,5.0,5.0,5,0.0,yes
574,A321,Business,Economy Class,Madrid to London Heathrow,2019-06-01 00:00:00,1.0,1.0,1.0,0.0,1.0,1,0.0,no
575,None,Solo Leisure,Economy Class,London Heathrow to Oslo,2019-06-01 00:00:00,4.0,5.0,5.0,0.0,4.0,4,0.0,yes
576,A319 / Boeing 789,Business,Economy Class,Hamburg to Abu Dhabi via London Heathrow,2019-06-01 00:00:00,1.0,2.0,2.0,2.0,1.0,3,1.0,no
577,Boeing 777-200 and A319,Solo Leisure,Economy Class,New York to Glasgow via London,2019-06-01 00:00:00,3.0,3.0,3.0,4.0,3.0,4,0.0,yes
578,None,Family Leisure,Economy Class,London Heathrow to New York ,2019-06-01 00:00:00,5.0,5.0,5.0,1.0,5.0,5,5.0,yes
579,Boeing 777-200,Family Leisure,Business Class,Gatwick to Bermuda,2019-06-01 00:00:00,4.0,5.0,5.0,5.0,3.0,5,2.0,yes
580,A320,Couple Leisure,Business Class,London Heathrow to Larnaca,2019-06-01 00:00:00,4.0,5.0,5.0,0.0,5.0,5,0.0,yes
581,A320-200,Couple Leisure,Economy Class,Gatwick to Cagliari,2019-06-01 00:00:00,3.0,2.0,1.0,0.0,4.0,1,0.0,yes
582,A320,Couple Leisure,Economy Class,Heathrow to Kalamata,2019-06-01 00:00:00,5.0,4.0,3.0,0.0,3.0,3,0.0,yes
583,None,Business,Economy Class,London to Gothenburg,2019-06-01 00:00:00,0.0,0.0,0.0,0.0,2.0,2,0.0,no
584,A320,Solo Leisure,Economy Class,Amsterdam to London,2019-02-01 00:00:00,0.0,0.0,0.0,0.0,1.0,1,0.0,no
585,A321 Neo,Business,Economy Class,Istanbul to London,2019-06-01 00:00:00,1.0,4.0,2.0,0.0,4.0,3,0.0,yes
586,A321 / Boeing 787-9,Family Leisure,Economy Class,Manchester to Kuala Lumpur via London ,2018-10-01 00:00:00,2.0,2.0,2.0,4.0,3.0,3,3.0,no
587,None,Solo Leisure,Economy Class,London to Dusseldorf,2019-01-01 00:00:00,3.0,3.0,3.0,0.0,5.0,4,0.0,no
588,Boeing 787,Solo Leisure,Business Class,London to Seoul ,2019-06-01 00:00:00,1.0,1.0,2.0,1.0,1.0,1,1.0,no
589,A380,Solo Leisure,Economy Class,London to Vancouver,2019-06-01 00:00:00,2.0,4.0,4.0,2.0,3.0,3,1.0,no
590,None,Solo Leisure,Economy Class,Newcastle to Delhi via London,2019-06-01 00:00:00,2.0,2.0,2.0,1.0,1.0,1,0.0,no
591,Boeing 747,Business,Business Class,Miami to Delhi via London Heathrow,2019-06-01 00:00:00,1.0,3.0,3.0,0.0,2.0,1,0.0,no
592,None,Solo Leisure,Economy Class,London to Sydney via Singapore,2019-06-01 00:00:00,3.0,3.0,1.0,5.0,1.0,2,0.0,no
593,None,Couple Leisure,Economy Class,Phoenix to Amsterdam via London,2019-05-01 00:00:00,1.0,3.0,1.0,1.0,4.0,3,0.0,no
594,Boeing 777 / 747,Solo Leisure,Economy Class,Tel Aviv to New York via London,2019-06-01 00:00:00,3.0,4.0,1.0,5.0,3.0,3,0.0,no
595,A319 / Boeing 777,Solo Leisure,Economy Class,Belfast  to Atlanta via London,2019-04-01 00:00:00,3.0,4.0,2.0,3.0,3.0,2,0.0,no
596,None,Family Leisure,Economy Class,Buenos Aires to London,2019-06-01 00:00:00,5.0,5.0,0.0,5.0,5.0,5,0.0,yes
597,Boeing 787-9,Business,Business Class,London to Nashville,2019-05-01 00:00:00,1.0,1.0,1.0,1.0,1.0,1,1.0,no
598,B747-400 in retro,Solo Leisure,First Class,London to Washington,2019-06-01 00:00:00,5.0,5.0,5.0,3.0,5.0,5,0.0,yes
599,None,Couple Leisure,Economy Class,Newcastle to Berlin via London,2019-06-01 00:00:00,3.0,3.0,0.0,0.0,1.0,1,0.0,no
600,None,Family Leisure,Economy Class,Gatwick to Madrid,2019-05-01 00:00:00,2.0,2.0,0.0,0.0,1.0,1,0.0,no
601,None,Couple Leisure,Economy Class,London to Tampa,2019-05-01 00:00:00,1.0,1.0,1.0,1.0,1.0,1,0.0,no
602,None,Business,Economy Class,London to Bengaluru,2019-06-01 00:00:00,4.0,3.0,4.0,3.0,3.0,4,3.0,yes
603,None,Couple Leisure,First Class,London to Delhi,2019-05-01 00:00:00,4.0,5.0,4.0,4.0,4.0,4,3.0,yes
604,None,Couple Leisure,Economy Class,London Heathrow to Dubai,2019-05-01 00:00:00,0.0,0.0,0.0,0.0,0.0,1,0.0,no
605,Boeing 747,Couple Leisure,Economy Class,London to Seattle,2019-05-01 00:00:00,4.0,5.0,4.0,0.0,5.0,5,0.0,yes
606,None,Couple Leisure,Economy Class,Johannesburg to London,2019-05-01 00:00:00,3.0,4.0,3.0,5.0,4.0,5,0.0,no
607,A319/A320,Business,Economy Class,London to Milan,2019-05-01 00:00:00,3.0,5.0,3.0,0.0,4.0,3,0.0,yes
608,B737-400 / A380 / A319,Couple Leisure,Business Class,Durban to Leeds via Johannesburg / Heathrow,2019-05-01 00:00:00,4.0,5.0,5.0,5.0,5.0,5,0.0,yes
609,Boeing 787,Couple Leisure,Business Class,London Heathrow to Los Angeles,2019-05-01 00:00:00,4.0,5.0,5.0,5.0,5.0,4,0.0,yes
610,Boeing 744,Couple Leisure,Business Class,Cape Town to London Heathrow,2019-05-01 00:00:00,3.0,4.0,4.0,3.0,4.0,3,0.0,yes
611,A321,Business,Economy Class,Sofia to Belfast via London,2019-05-01 00:00:00,1.0,1.0,1.0,0.0,1.0,1,0.0,no
612,Boeing 777-200,Couple Leisure,Economy Class,Lima to Gatwick,2019-05-01 00:00:00,2.0,4.0,4.0,1.0,4.0,3,0.0,no
613,None,Solo Leisure,Economy Class,Inverness to Auckland via Singapore,2019-05-01 00:00:00,1.0,5.0,4.0,4.0,4.0,2,1.0,no
614,None,Solo Leisure,Business Class,Heathrow to Singapore,2019-05-01 00:00:00,3.0,3.0,2.0,4.0,3.0,3,0.0,no
615,None,Business,Economy Class,Lyon to London,2019-05-01 00:00:00,4.0,3.0,2.0,0.0,1.0,3,0.0,no
616,Boeing 777-200,Couple Leisure,Economy Class,Gatwick to Barbados,2019-05-01 00:00:00,3.0,1.0,2.0,4.0,3.0,3,0.0,no
617,None,Couple Leisure,Economy Class,Marseille to London,2019-05-01 00:00:00,3.0,1.0,3.0,0.0,1.0,2,0.0,no
618,None,Family Leisure,Business Class,London to Chennai,2019-05-01 00:00:00,4.0,5.0,5.0,5.0,5.0,4,0.0,yes
619,A320,Solo Leisure,Economy Class,Gatwick to Malaga,2019-05-01 00:00:00,5.0,5.0,4.0,0.0,4.0,5,0.0,yes
620,A380 / Boeing 777,Solo Leisure,Economy Class,Boston to London Heathrow,2019-05-01 00:00:00,4.0,4.0,3.0,3.0,4.0,4,0.0,yes
621,Boeing 747-400,Couple Leisure,First Class,London to Cape Town,2019-05-01 00:00:00,4.0,4.0,4.0,3.0,3.0,3,0.0,yes
622,None,Couple Leisure,Economy Class,New York to Heathrow ,2019-05-01 00:00:00,3.0,5.0,3.0,5.0,2.0,3,0.0,yes
623,A321,Business,Economy Class,London to Aberdeen,2019-05-01 00:00:00,2.0,2.0,0.0,0.0,1.0,1,0.0,no
624,A319,Business,Business Class,Gatwick to Dubrovnik,2019-05-01 00:00:00,1.0,3.0,0.0,0.0,1.0,1,0.0,no
625,None,Couple Leisure,Premium Economy,London to Shanghai,2019-03-01 00:00:00,1.0,1.0,1.0,1.0,1.0,1,0.0,no
626,A320,Business,Business Class,Faro to Heathrow,2019-05-01 00:00:00,3.0,4.0,4.0,0.0,1.0,2,0.0,no
627,A380,Couple Leisure,Economy Class,Vancouver to London,2019-05-01 00:00:00,4.0,5.0,4.0,3.0,4.0,4,4.0,yes
628,None,Couple Leisure,Business Class,Gatwick to Tenerife,2019-05-01 00:00:00,1.0,4.0,1.0,0.0,1.0,1,0.0,no
629,Boeing 747 400,Business,First Class,Washington to London,2019-05-01 00:00:00,4.0,4.0,4.0,4.0,3.0,4,1.0,yes
630,Embraer,Solo Leisure,Economy Class,Rome Fiumicino to London City,2019-05-01 00:00:00,5.0,5.0,5.0,0.0,5.0,5,0.0,yes
631,Boeing 777-200,Business,Business Class,London to Shanghai,2019-04-01 00:00:00,2.0,1.0,1.0,1.0,3.0,2,0.0,no
632,None,Couple Leisure,Economy Class,Seattle to London,2019-05-01 00:00:00,3.0,5.0,2.0,2.0,1.0,1,0.0,no
633,None,Business,Economy Class,London City to Zurich,2019-04-01 00:00:00,5.0,5.0,5.0,0.0,4.0,5,0.0,yes
634,None,Couple Leisure,Economy Class,Bucharest to London,2019-04-01 00:00:00,3.0,3.0,0.0,0.0,1.0,1,0.0,no
635,Boeing 787,Solo Leisure,Business Class,London to Calgary,2018-12-01 00:00:00,5.0,5.0,5.0,5.0,1.0,5,0.0,yes
636,Boeing 747,Couple Leisure,Business Class,Vancouver to London,2019-04-01 00:00:00,5.0,5.0,5.0,5.0,5.0,5,0.0,yes
637,None,Couple Leisure,Business Class,Miami to London Heathrow,2019-04-01 00:00:00,4.0,5.0,4.0,3.0,4.0,4,0.0,yes
638,None,Solo Leisure,Economy Class,Houston to London Heathrow,2019-04-01 00:00:00,2.0,1.0,1.0,0.0,2.0,2,0.0,no
639,None,Business,Business Class,London to Delhi,2019-04-01 00:00:00,2.0,2.0,2.0,2.0,3.0,2,0.0,no
640,None,Business,Economy Class,Bucharest to London,2019-04-01 00:00:00,2.0,2.0,0.0,0.0,1.0,1,0.0,no
641,Boeing 777-200/300,Couple Leisure,Economy Class,London Heathrow to Bengaluru,2019-04-01 00:00:00,3.0,5.0,4.0,2.0,5.0,5,0.0,yes
642,None,Business,Business Class,Madrid to London,2019-04-01 00:00:00,1.0,1.0,0.0,0.0,1.0,1,0.0,no
643,A319,Solo Leisure,Economy Class,Dublin to London Heathrow,2019-04-01 00:00:00,4.0,3.0,1.0,0.0,4.0,3,0.0,yes
644,Boeing 747-400,Business,Business Class,London to Seattle,2019-04-01 00:00:00,4.0,2.0,3.0,3.0,3.0,2,0.0,no
645,A320,Family Leisure,Business Class,London to Gibraltar,2019-04-01 00:00:00,4.0,5.0,5.0,0.0,4.0,5,0.0,yes
646,Boeing 747,Business,Business Class,London to Boston,2019-03-01 00:00:00,2.0,3.0,4.0,1.0,4.0,2,0.0,no
647,Boeing 787-9,Family Leisure,Business Class,London to Doha,2019-04-01 00:00:00,3.0,4.0,3.0,1.0,5.0,4,0.0,yes
648,Boeing 747,Couple Leisure,Economy Class,London Heathrow to Houston,2019-04-01 00:00:00,5.0,5.0,5.0,4.0,4.0,4,0.0,yes
649,A320,Business,Business Class,Larnaca to London,2019-03-01 00:00:00,1.0,4.0,4.0,0.0,3.0,1,0.0,no
650,None,Solo Leisure,Economy Class,Zurich to London,2019-04-01 00:00:00,4.0,1.0,1.0,0.0,3.0,2,0.0,no
651,None,Solo Leisure,Economy Class,London to Pisa,2019-04-01 00:00:00,5.0,4.0,2.0,0.0,3.0,3,0.0,yes
652,Boeing 787-9,Couple Leisure,First Class,London to Tokyo Narita,2018-11-01 00:00:00,5.0,5.0,5.0,5.0,5.0,5,0.0,yes
653,None,Couple Leisure,Business Class,Bridgetown to Gatwick,2019-03-01 00:00:00,4.0,1.0,2.0,0.0,4.0,1,0.0,no
654,777,Couple Leisure,Economy Class,St Lucia to Gatwick,2019-04-01 00:00:00,1.0,2.0,1.0,1.0,1.0,1,0.0,no
655,A380,Solo Leisure,Economy Class,Chicago to London,2019-04-01 00:00:00,1.0,1.0,1.0,0.0,1.0,1,0.0,no
656,None,Family Leisure,Economy Class,London to Bangalore,2018-09-01 00:00:00,3.0,1.0,1.0,0.0,2.0,3,0.0,no
657,A320/B788,Solo Leisure,Economy Class,Hamburg to Abu Dhabi via Heathrow,2019-04-01 00:00:00,1.0,3.0,2.0,0.0,3.0,4,0.0,no
658,None,Couple Leisure,Economy Class,London to Seville,2019-03-01 00:00:00,0.0,0.0,0.0,0.0,4.0,4,0.0,yes
659,Boeing 787-9 / A319,Family Leisure,Business Class,Doha to Paris via London,2019-03-01 00:00:00,5.0,4.0,2.0,2.0,4.0,3,0.0,yes
660,A320 Neo,Couple Leisure,Business Class,Madrid to London,2019-03-01 00:00:00,3.0,5.0,5.0,0.0,4.0,4,0.0,yes
661,None,Couple Leisure,Economy Class,Tokyo to London,2019-03-01 00:00:00,2.0,3.0,1.0,2.0,3.0,2,0.0,no
662,Boeing 747-400,Solo Leisure,Economy Class,London to Vancouver ,2019-03-01 00:00:00,3.0,5.0,4.0,4.0,4.0,4,0.0,yes
663,Boeing 777,Solo Leisure,First Class,London to Mumbai ,2019-03-01 00:00:00,4.0,5.0,2.0,3.0,4.0,4,0.0,yes
664,Boeing 777,Business,First Class,London to Chicago ,2019-03-01 00:00:00,2.0,2.0,1.0,1.0,2.0,2,0.0,no
665,None,Solo Leisure,Economy Class,Leeds Bradford to Las Vegas via Heathrow,2018-09-01 00:00:00,3.0,5.0,3.0,4.0,5.0,3,0.0,yes
666,None,Solo Leisure,First Class,Dallas to London Heathrow,2019-03-01 00:00:00,2.0,1.0,3.0,3.0,3.0,1,0.0,no
667,None,Couple Leisure,Economy Class,Tenerife to Heathrow,2019-03-01 00:00:00,1.0,4.0,1.0,0.0,2.0,1,0.0,no
668,A320,Business,Economy Class,London Heathrow to Larnaca Cyprus,2019-03-01 00:00:00,2.0,3.0,1.0,0.0,1.0,1,0.0,no
669,Boeing 787,Couple Leisure,Business Class,Los Angeles to London,2019-03-01 00:00:00,4.0,5.0,5.0,5.0,4.0,5,0.0,yes
670,None,Solo Leisure,Economy Class,London to Phoenix,2019-03-01 00:00:00,2.0,5.0,5.0,5.0,1.0,2,0.0,no
671,None,Business,Business Class,San Francisco to London,2018-04-01 00:00:00,0.0,0.0,0.0,0.0,0.0,1,0.0,no
672,A321,Solo Leisure,Economy Class,Rome to London,2019-03-01 00:00:00,5.0,4.0,1.0,0.0,5.0,5,0.0,yes
673,A319,Business,Economy Class,Cologne to Gatwick,2019-03-01 00:00:00,3.0,2.0,0.0,0.0,1.0,2,0.0,no
674,Boeing 777,Couple Leisure,Economy Class,Tampa to Gatwick,2019-03-01 00:00:00,2.0,2.0,2.0,2.0,1.0,1,0.0,no
675,A320,Business,Economy Class,London Heathrow to Madrid ,2019-03-01 00:00:00,5.0,5.0,0.0,0.0,5.0,5,0.0,yes
676,Boeing 777,Couple Leisure,Business Class,Gatwick to St Lucia,2019-02-01 00:00:00,2.0,1.0,1.0,1.0,3.0,1,1.0,no
677,Boeing 777,Business,Economy Class,London to Austin,2019-02-01 00:00:00,4.0,5.0,3.0,4.0,5.0,4,0.0,yes
678,A320,Family Leisure,Business Class,London to Pisa,2019-03-01 00:00:00,1.0,4.0,2.0,0.0,3.0,1,0.0,no
679,B777,Couple Leisure,Economy Class,Edinburgh to Boston via London,2019-03-01 00:00:00,1.0,2.0,1.0,1.0,1.0,1,0.0,no
680,Boeing 777,Couple Leisure,Economy Class,Gatwick to Mauritius,2019-02-01 00:00:00,1.0,3.0,2.0,1.0,2.0,2,0.0,no
681,None,Family Leisure,Economy Class,Heathrow to New York,2019-02-01 00:00:00,4.0,5.0,5.0,3.0,5.0,5,0.0,yes
682,None,Solo Leisure,Economy Class,Gatwick to Cape Town,2019-02-01 00:00:00,1.0,4.0,1.0,1.0,4.0,3,0.0,no
683,None,Business,Business Class,New York to Venice via London,2019-02-01 00:00:00,1.0,2.0,1.0,4.0,1.0,1,2.0,no
684,B747-400,Business,Business Class,Chicago to London Heathrow,2019-02-01 00:00:00,1.0,1.0,1.0,1.0,1.0,1,1.0,no
685,Boeing 747-400,Business,First Class,London to Chicago,2019-02-01 00:00:00,1.0,2.0,1.0,1.0,1.0,1,1.0,no
686,None,Family Leisure,Economy Class,Prague to London Heathrow,2019-02-01 00:00:00,3.0,1.0,0.0,0.0,3.0,2,0.0,no
687,None,Solo Leisure,Economy Class,London City to Florence,2019-02-01 00:00:00,0.0,0.0,0.0,0.0,1.0,2,0.0,no
688,A380,Business,Business Class,London to Johannesburg,2018-12-01 00:00:00,2.0,1.0,1.0,3.0,4.0,1,0.0,no
689,Boeing 787-9,Business,Economy Class,Doha to London Heathrow,2019-02-01 00:00:00,3.0,3.0,3.0,2.0,3.0,3,2.0,yes
690,None,Solo Leisure,Premium Economy,Miami to Tel Aviv via London,2018-10-01 00:00:00,5.0,5.0,5.0,5.0,5.0,5,5.0,yes
691,Boeing 787-9,Business,Premium Economy,London to Seoul,2019-02-01 00:00:00,5.0,4.0,3.0,3.0,2.0,4,0.0,yes
692,Boeing 747-400,Family Leisure,Premium Economy,London to New York JFK,2019-02-01 00:00:00,4.0,5.0,4.0,5.0,5.0,4,3.0,yes
693,None,Couple Leisure,Business Class,San Diego to London,2019-02-01 00:00:00,4.0,1.0,2.0,0.0,4.0,2,0.0,no
694,Boeing 777,Business,Business Class,Gatwick to St Lucia,2019-02-01 00:00:00,4.0,4.0,4.0,4.0,3.0,3,0.0,yes
695,None,Solo Leisure,Economy Class,London to Chennai,2018-03-01 00:00:00,5.0,5.0,5.0,5.0,5.0,5,5.0,yes
696,None,Business,Economy Class,London to Tampa,2019-01-01 00:00:00,4.0,4.0,4.0,5.0,1.0,2,0.0,no
697,Boeing 787,Couple Leisure,Economy Class,Baltimore to London Heathrow,2019-02-01 00:00:00,1.0,1.0,1.0,1.0,2.0,2,0.0,no
698,None,Solo Leisure,First Class, Bridgetown to Gatwick,2018-11-01 00:00:00,2.0,4.0,3.0,3.0,3.0,1,1.0,no
699,A320,Couple Leisure,Economy Class,London to Athens,2018-12-01 00:00:00,3.0,5.0,1.0,1.0,1.0,2,1.0,no
700,None,Solo Leisure,Economy Class,Amsterdam to London,2019-02-01 00:00:00,2.0,1.0,1.0,0.0,2.0,1,0.0,no
701,Boeing 787,Couple Leisure,Premium Economy,New Orleans to London,2018-09-01 00:00:00,5.0,4.0,5.0,5.0,4.0,5,0.0,yes
702,Boeing 787-9,Couple Leisure,Business Class,Tokyo Narita to London Heathrow,2019-01-01 00:00:00,4.0,3.0,5.0,5.0,5.0,4,0.0,yes
703,Boeing 777,Couple Leisure,First Class,London to Tokyo Haneda,2019-01-01 00:00:00,5.0,5.0,5.0,5.0,5.0,4,0.0,yes
704,None,Solo Leisure,Economy Class,London to Billund,2019-02-01 00:00:00,5.0,5.0,0.0,0.0,5.0,5,0.0,yes
705,None,Business,Premium Economy,San Diego to Frankfurt via London,2019-02-01 00:00:00,3.0,3.0,3.0,1.0,1.0,2,3.0,no
706,A320,Couple Leisure,Economy Class,Edinburgh to London Gatwick,2019-01-01 00:00:00,3.0,4.0,0.0,0.0,5.0,4,0.0,yes
707,None,Business,Business Class,Geneva to Philadelphia via London,2019-02-01 00:00:00,2.0,3.0,1.0,1.0,1.0,1,0.0,no
708,A320,Family Leisure,Economy Class,London Heathrow to Paris CDG,2018-11-01 00:00:00,3.0,4.0,4.0,2.0,4.0,4,1.0,yes
709,A380,Family Leisure,Business Class,Johannesburg to London,2019-02-01 00:00:00,3.0,3.0,3.0,4.0,3.0,3,4.0,yes
710,None,Solo Leisure,Economy Class,Edinburgh to Bangalore via Heathrow,2019-02-01 00:00:00,3.0,1.0,3.0,1.0,1.0,1,1.0,no
711,A380 / A319,Solo Leisure,Economy Class,Berlin to Johannesburg via London,2018-03-01 00:00:00,3.0,3.0,2.0,3.0,4.0,4,0.0,yes
712,Boeing 777,Family Leisure,Economy Class,New York JFK to London Heathrow,2018-08-01 00:00:00,3.0,4.0,3.0,2.0,3.0,3,1.0,yes
713,None,Business,Economy Class,London to Milan ,2018-11-01 00:00:00,3.0,4.0,2.0,0.0,4.0,2,1.0,no
714,None,Couple Leisure,Economy Class,New York to London via Geneva,2019-01-01 00:00:00,2.0,1.0,4.0,3.0,4.0,2,0.0,no
715,A380,Couple Leisure,First Class,Johannesburg to London ,2019-01-01 00:00:00,4.0,3.0,3.0,3.0,3.0,3,3.0,yes
716,A380,Couple Leisure,Business Class,London to Johannesburg ,2019-01-01 00:00:00,3.0,4.0,4.0,3.0,3.0,3,0.0,yes
717,A380,Family Leisure,Business Class,London to Johannesburg,2019-01-01 00:00:00,4.0,5.0,4.0,5.0,4.0,4,4.0,yes
718,A320,Business,Business Class,London to Dublin,2019-01-01 00:00:00,5.0,5.0,5.0,0.0,2.0,5,0.0,yes
719,Boeing 777,Couple Leisure,Premium Economy,Bermuda to Gatwick,2019-01-01 00:00:00,1.0,1.0,1.0,1.0,3.0,1,1.0,no
720,None,Business,Business Class,Kuala Lumpur to Miami via London,2019-01-01 00:00:00,2.0,2.0,1.0,0.0,2.0,3,0.0,no
721,A321-200,Solo Leisure,Economy Class,Zurich to Heathrow,2019-01-01 00:00:00,1.0,4.0,0.0,1.0,1.0,2,1.0,no
722,A380,Solo Leisure,Premium Economy,Miami to London,2019-01-01 00:00:00,3.0,4.0,1.0,3.0,3.0,3,3.0,no
723,A321,Solo Leisure,Economy Class,Copenhagen to Amsterdam via London Heathrow,2018-02-01 00:00:00,5.0,5.0,0.0,0.0,2.0,5,0.0,yes
724,Boeing 777-200,Couple Leisure,Premium Economy,Antigua to Gatwick,2019-01-01 00:00:00,1.0,2.0,2.0,3.0,4.0,1,0.0,no
725,Boeing 787,Solo Leisure,Economy Class,Bucharest to London Heathrow to Los Angeles,2019-01-01 00:00:00,1.0,5.0,2.0,1.0,5.0,1,1.0,no
726,Boeing 747,Business,Business Class,London to Miami,2019-01-01 00:00:00,1.0,2.0,1.0,1.0,3.0,1,0.0,no
727,Boeing 787 Dreamliner,Business,Premium Economy,London to Calgary,2018-06-01 00:00:00,3.0,3.0,3.0,4.0,4.0,2,3.0,yes
728,Boeing 787,Business,Premium Economy,Calgary to London,2018-06-01 00:00:00,3.0,4.0,3.0,3.0,3.0,2,3.0,no
729,Boeing 777-200,Business,Premium Economy,Bangalore to London,2019-01-01 00:00:00,2.0,2.0,2.0,1.0,2.0,1,0.0,no
730,None,Solo Leisure,Economy Class,Barcelona to New York via London,2018-11-01 00:00:00,2.0,2.0,1.0,2.0,1.0,1,0.0,no
731,None,Solo Leisure,Economy Class,Gatwick to Fort Lauderdale,2018-12-01 00:00:00,2.0,3.0,3.0,0.0,3.0,2,0.0,no
732,None,Couple Leisure,Economy Class,London to Bologna,2018-12-01 00:00:00,3.0,4.0,0.0,0.0,1.0,1,0.0,no
733,None,Couple Leisure,Economy Class,Venice to London City,2018-10-01 00:00:00,5.0,5.0,4.0,0.0,5.0,5,0.0,yes
734,777,Couple Leisure,Economy Class,San Francisco to London,2019-01-01 00:00:00,1.0,1.0,1.0,1.0,1.0,1,0.0,no
735,Boeing 747,Solo Leisure,Economy Class,Heathrow to Vancouver,2018-10-01 00:00:00,4.0,4.0,3.0,2.0,4.0,1,0.0,no
736,A320,Solo Leisure,Economy Class,London to Bucharest,2019-01-01 00:00:00,1.0,4.0,1.0,1.0,5.0,3,0.0,no
737,A319,Business,Economy Class,Stuttgart to London,2018-10-01 00:00:00,1.0,1.0,0.0,0.0,1.0,1,0.0,no
738,Boeing 777-200,Couple Leisure,Economy Class,London to Boston,2018-12-01 00:00:00,1.0,5.0,4.0,4.0,4.0,4,0.0,yes
739,Boeing 747-400,Couple Leisure,Economy Class,Boston to London,2018-12-01 00:00:00,2.0,3.0,5.0,5.0,4.0,4,0.0,yes
740,Airbus A320,Couple Leisure,Economy Class,London to Athens,2018-12-01 00:00:00,4.0,1.0,0.0,0.0,2.0,4,0.0,no
741,A380,Couple Leisure,Economy Class,London to Johannesburg,2019-01-01 00:00:00,5.0,5.0,5.0,5.0,5.0,5,0.0,yes
742,Boeing 787-9 / 777 ,Solo Leisure,Premium Economy,Newark to Bangalore via London,2018-12-01 00:00:00,4.0,4.0,4.0,4.0,4.0,3,0.0,yes
743,None,Solo Leisure,Economy Class,London to Berlin,2018-12-01 00:00:00,0.0,0.0,0.0,0.0,1.0,3,0.0,no
744,Boeing 777,Solo Leisure,Economy Class,London to Mumbai,2018-12-01 00:00:00,5.0,5.0,5.0,3.0,5.0,4,0.0,yes
745,None,Solo Leisure,Premium Economy,Athens to Los Angeles via London,2018-12-01 00:00:00,2.0,4.0,3.0,2.0,2.0,1,0.0,no
746,Boeing 777,Family Leisure,Economy Class,Heathrow to Sydney via Singapore,2018-12-01 00:00:00,1.0,3.0,2.0,1.0,2.0,2,1.0,no
747,A319,Solo Leisure,Economy Class,Leeds Bradford to London Heathrow,2018-12-01 00:00:00,3.0,5.0,0.0,0.0,5.0,4,0.0,yes
748,A320,Solo Leisure,Economy Class,Gatwick to Tenerife,2018-12-01 00:00:00,1.0,3.0,4.0,0.0,5.0,3,0.0,no
749,None,Couple Leisure,Premium Economy,Denver to Paris via London,2018-12-01 00:00:00,0.0,0.0,0.0,0.0,0.0,1,0.0,no
750,A380,Couple Leisure,Business Class,Johannesburg to London,2018-11-01 00:00:00,1.0,1.0,1.0,3.0,2.0,1,0.0,no
751,Boeing 787,Solo Leisure,Economy Class,London to Kuala Lumpur,2018-12-01 00:00:00,1.0,4.0,3.0,1.0,5.0,1,0.0,no
752,Boeing 747,Solo Leisure,Economy Class,Los Angeles to London Heathrow,2018-12-01 00:00:00,2.0,2.0,1.0,4.0,1.0,2,0.0,no
753,None,Business,Economy Class,Seattle to London,2018-11-01 00:00:00,0.0,0.0,0.0,0.0,0.0,1,0.0,no
754,Boeing 777-200,Couple Leisure,First Class,Gatwick to Barbados,2018-12-01 00:00:00,2.0,5.0,2.0,2.0,3.0,3,0.0,no
755,Boeing 787-9,Solo Leisure,First Class,Moscow to London,2018-12-01 00:00:00,5.0,5.0,5.0,5.0,5.0,5,0.0,yes
756,None,Solo Leisure,Economy Class,Johannesburg to London ,2018-12-01 00:00:00,3.0,2.0,3.0,2.0,3.0,3,0.0,no
757,Boeing 777,Couple Leisure,Business Class,Bridgetown to Gatwick,2018-12-01 00:00:00,1.0,1.0,2.0,0.0,2.0,1,0.0,no
758,A319 / Boeing 777,Couple Leisure,Economy Class,Glasgow to New York via London,2018-12-01 00:00:00,4.0,5.0,5.0,5.0,4.0,4,2.0,yes
759,Boeing 777,Business,Business Class,Sydney to London via Singapore,2018-12-01 00:00:00,1.0,1.0,1.0,1.0,2.0,1,0.0,no
760,A380,Couple Leisure,First Class,Johannesburg to London,2018-12-01 00:00:00,4.0,3.0,3.0,2.0,3.0,3,0.0,no
761,Boeing 777,Business,Business Class,Antigua to Gatwick,2018-12-01 00:00:00,2.0,1.0,1.0,0.0,3.0,2,0.0,no
762,Boeing 777,Couple Leisure,First Class,Gatwick to Barbados,2018-12-01 00:00:00,2.0,2.0,2.0,1.0,1.0,1,0.0,no
763,Boeing 747-400,Couple Leisure,Business Class,Cape Town to London,2018-11-01 00:00:00,2.0,1.0,1.0,3.0,3.0,1,0.0,no
764,A320,Couple Leisure,Economy Class,Bucharest to London,2018-12-01 00:00:00,1.0,1.0,0.0,0.0,1.0,1,0.0,no
765,None,Business,Economy Class,Kuala Lumpur to Mexico City via London,2018-12-01 00:00:00,4.0,5.0,4.0,4.0,5.0,5,3.0,yes
766,Boeing 747-400,Family Leisure,Economy Class,Miami to London,2018-12-01 00:00:00,1.0,1.0,1.0,1.0,3.0,1,0.0,no
767,None,Solo Leisure,Premium Economy,London Gatwick to Tampa,2018-11-01 00:00:00,5.0,5.0,5.0,3.0,5.0,5,0.0,yes
768,None,Couple Leisure,Economy Class,Bordeaux to London Gatwick,2018-07-01 00:00:00,3.0,2.0,0.0,0.0,1.0,1,0.0,no
769,None,Family Leisure,Economy Class,Los Angeles to Rome via London,2018-10-01 00:00:00,0.0,0.0,0.0,0.0,0.0,1,0.0,no
770,None,Family Leisure,Economy Class,Gatwick to Las Vegas,2018-12-01 00:00:00,3.0,4.0,4.0,1.0,4.0,4,3.0,yes
771,Boeing 777,Couple Leisure,Premium Economy,Nassau to London,2018-11-01 00:00:00,2.0,3.0,1.0,1.0,3.0,1,0.0,no
772,Boeing 747,Business,Business Class,Phoenix to Accra via London,2018-11-01 00:00:00,5.0,5.0,5.0,3.0,5.0,5,0.0,yes
773,None,Solo Leisure,Economy Class,Manchester to London,2018-11-01 00:00:00,3.0,1.0,0.0,0.0,1.0,2,0.0,no
774,Boeing 777,Solo Leisure,Economy Class,San Diego to Hannover via London,2018-11-01 00:00:00,2.0,4.0,4.0,4.0,2.0,2,0.0,no
775,None,Business,Economy Class,London Heathrow to Stuttgart,2018-11-01 00:00:00,1.0,0.0,0.0,0.0,1.0,1,0.0,no
776,A380,Couple Leisure,First Class,London to Johannesburg,2018-11-01 00:00:00,5.0,5.0,5.0,4.0,4.0,4,0.0,yes
777,None,Business,Business Class,London to Dubai,2018-11-01 00:00:00,4.0,5.0,4.0,1.0,4.0,1,1.0,no
778,Boeing 747-400,Family Leisure,Economy Class,Vancouver to London Heathrow,2018-11-01 00:00:00,5.0,5.0,4.0,2.0,5.0,4,0.0,yes
779,None,Solo Leisure,Economy Class,Boston to Nairobi via London,2018-10-01 00:00:00,3.0,1.0,1.0,0.0,3.0,3,0.0,no
780,Boeing 747,Solo Leisure,Premium Economy,Basel to San Fransisco via Heathrow,2018-11-01 00:00:00,2.0,3.0,2.0,3.0,5.0,2,0.0,no
781,None,Solo Leisure,Economy Class,London to Lyon,2018-11-01 00:00:00,2.0,1.0,0.0,0.0,1.0,1,0.0,no
782,None,Business,Economy Class,London to Boston,2018-11-01 00:00:00,3.0,5.0,4.0,4.0,4.0,5,1.0,yes
783,A320,Solo Leisure,Business Class,Stockholm to London,2018-11-01 00:00:00,3.0,5.0,2.0,0.0,1.0,3,0.0,yes
784,None,Business,Economy Class,Amsterdam to London,2018-11-01 00:00:00,4.0,4.0,0.0,0.0,1.0,3,0.0,no
785,Boeing 777-200,Couple Leisure,Economy Class,Buenos Aires to London,2018-11-01 00:00:00,1.0,2.0,1.0,1.0,1.0,1,0.0,no
786,Boeing 777,Business,Business Class,Riyadh to London,2018-11-01 00:00:00,1.0,2.0,2.0,3.0,3.0,1,0.0,no
787,A319,Solo Leisure,Economy Class,Aberdeen to London,2018-11-01 00:00:00,0.0,0.0,0.0,0.0,1.0,1,0.0,no
788,None,Family Leisure,Economy Class,Singapore to Sydney,2018-11-01 00:00:00,1.0,1.0,1.0,1.0,1.0,1,1.0,no
789,A320,Family Leisure,Economy Class,London to Budapest,2018-11-01 00:00:00,5.0,1.0,0.0,0.0,5.0,5,0.0,no
790,A321,Solo Leisure,Economy Class,London to Athens,2018-10-01 00:00:00,4.0,3.0,2.0,2.0,3.0,3,1.0,yes
791,Boeing 777-200,Solo Leisure,Business Class,London to Bangkok,2018-10-01 00:00:00,3.0,3.0,2.0,1.0,3.0,2,1.0,no
792,A340-300,Solo Leisure,Economy Class,Abu Dhabi to London,2018-10-01 00:00:00,2.0,1.0,1.0,1.0,3.0,3,1.0,no
793,Boeing 777,Business,Business Class,Gatwick to Orlando,2018-10-01 00:00:00,1.0,2.0,3.0,1.0,2.0,1,1.0,no
794,A319 / Boeing 747,Solo Leisure,Business Class,Newcastle to Las Vegas via London,2018-10-01 00:00:00,4.0,4.0,4.0,3.0,4.0,5,0.0,yes
795,A320,Solo Leisure,Economy Class,St Petersburg to London,2018-10-01 00:00:00,5.0,5.0,3.0,0.0,5.0,3,0.0,yes
796,Boeing 787-9,Business,Business Class,London to Philadelphia,2018-10-01 00:00:00,1.0,1.0,2.0,3.0,2.0,1,0.0,no
797,Boeing 777-200,Business,Business Class,Madrid to London,2018-10-01 00:00:00,4.0,5.0,4.0,0.0,4.0,4,0.0,yes
798,A321,Family Leisure,Economy Class,London to Munich,2018-10-01 00:00:00,2.0,3.0,0.0,0.0,3.0,3,0.0,yes
799,Boeing 747-400,Couple Leisure,Economy Class,London to Cape Town,2018-10-01 00:00:00,2.0,1.0,2.0,0.0,1.0,1,0.0,no
800,A321,Family Leisure,Economy Class,Munich to London Heathrow,2018-10-01 00:00:00,2.0,4.0,0.0,0.0,5.0,3,0.0,yes
801,A319 / Boeing 747-400,Solo Leisure,First Class,Manchester to Philadelphia via London,2018-10-01 00:00:00,5.0,5.0,4.0,4.0,5.0,5,0.0,yes
802,Boieng 777-200,Business,Economy Class,Bangkok to London,2018-10-01 00:00:00,3.0,2.0,2.0,3.0,1.0,2,0.0,no
803,Boeing 777,Solo Leisure,Economy Class,London to Toronto,2018-10-01 00:00:00,1.0,3.0,3.0,2.0,2.0,1,0.0,no
804,A320,Business,Economy Class,London to Vienna,2018-10-01 00:00:00,2.0,3.0,0.0,0.0,2.0,2,0.0,no
805,A380,Business,Business Class,Johannesburg to London,2018-10-01 00:00:00,2.0,2.0,1.0,1.0,4.0,2,0.0,no
806,Boeing 777-300ER,Solo Leisure,Business Class,Singapore to London Heathrow,2018-09-01 00:00:00,4.0,5.0,3.0,2.0,3.0,3,0.0,yes
807,Boeing 747-400,Couple Leisure,Business Class,London to Los Angeles,2018-08-01 00:00:00,1.0,1.0,1.0,1.0,3.0,3,1.0,no
808,Boeing 747,Solo Leisure,Premium Economy,Miami to London Heathrow,2018-09-01 00:00:00,1.0,5.0,3.0,2.0,1.0,2,0.0,no
809,None,Couple Leisure,Business Class,London Heathrow to Milan Malpensa,2018-10-01 00:00:00,1.0,1.0,1.0,1.0,1.0,1,1.0,no
810,None,Couple Leisure,First Class,Calgary to Rome via London,2018-09-01 00:00:00,4.0,1.0,1.0,0.0,1.0,1,0.0,no
811,None,Solo Leisure,Economy Class,London to Bangkok,2018-03-01 00:00:00,1.0,3.0,2.0,1.0,4.0,1,0.0,no
812,Boeing 747-400,Family Leisure,Economy Class,London Heathrow to Miami,2018-08-01 00:00:00,5.0,5.0,5.0,4.0,4.0,5,0.0,yes
813,A380,Solo Leisure,Economy Class,London to Singapore,2018-09-01 00:00:00,5.0,5.0,5.0,4.0,4.0,5,0.0,yes
814,None,Solo Leisure,Economy Class,Dublin to London,2018-09-01 00:00:00,1.0,1.0,0.0,0.0,1.0,1,0.0,no
815,A321,Family Leisure,Business Class,London to Pisa,2018-09-01 00:00:00,1.0,4.0,4.0,0.0,4.0,1,0.0,no
816,None,Family Leisure,Economy Class,Prague to Heathrow,2018-08-01 00:00:00,1.0,3.0,0.0,0.0,1.0,1,0.0,no
817,"Boeing 787-9, A380",Business,Premium Economy,Kuala Lumpur to London Heathrow,2018-09-01 00:00:00,3.0,4.0,3.0,3.0,5.0,4,0.0,yes
818,A319,Couple Leisure,Business Class,Los Angeles to Leeds via London Heathrow ,2018-06-01 00:00:00,4.0,4.0,4.0,3.0,1.0,3,2.0,no
819,A320,Couple Leisure,Business Class,Brindisi to London,2018-09-01 00:00:00,1.0,2.0,2.0,0.0,1.0,2,0.0,no
820,A380,Couple Leisure,Premium Economy,Chicago to London,2018-09-01 00:00:00,1.0,1.0,1.0,1.0,3.0,1,0.0,no
821,None,Family Leisure,Economy Class,Berlin to London,2018-09-01 00:00:00,2.0,2.0,0.0,0.0,2.0,1,0.0,no
822,Boeing 777,Solo Leisure,Premium Economy,Riyadh to London ,2018-08-01 00:00:00,5.0,5.0,5.0,4.0,3.0,5,0.0,yes
823,A320 / Boeing 787-9,Couple Leisure,Economy Class,Rome to Newark via London,2018-09-01 00:00:00,4.0,4.0,3.0,3.0,4.0,3,0.0,yes
824,Boeing 747-400,Business,Business Class,London Heathrow to New York JFK,2018-09-01 00:00:00,3.0,4.0,2.0,3.0,1.0,3,5.0,no
825,Boeing 777-200,Couple Leisure,First Class,London Heathrow to Dubai,2018-09-01 00:00:00,4.0,5.0,5.0,3.0,4.0,4,2.0,yes
826,A320,Couple Leisure,Economy Class,Heraklion to Gatwick,2018-09-01 00:00:00,2.0,2.0,0.0,0.0,1.0,1,0.0,no
827,Boeing 767,Solo Leisure,Business Class,Madrid to London Heathrow,2018-09-01 00:00:00,3.0,5.0,5.0,0.0,5.0,5,0.0,yes
828,A321,Couple Leisure,Business Class,London Heathrow to Brindisi,2018-09-01 00:00:00,2.0,3.0,2.0,0.0,2.0,3,0.0,no
829,A320,Business,Economy Class,London to Madrid,2018-07-01 00:00:00,2.0,3.0,1.0,0.0,2.0,2,0.0,no
830,None,Couple Leisure,Economy Class,Hamburg to London,2018-09-01 00:00:00,3.0,1.0,0.0,0.0,1.0,3,0.0,no
831,Boeing 747,Solo Leisure,Premium Economy,Glasgow to Miami via London,2018-08-01 00:00:00,3.0,5.0,5.0,2.0,4.0,4,0.0,yes
832,Airbus A32,Solo Leisure,Economy Class,London Heathrow to Budapest,2018-08-01 00:00:00,5.0,5.0,0.0,0.0,4.0,4,0.0,yes
833,A320,Solo Leisure,Economy Class,Budapest to London Heathrow,2018-09-01 00:00:00,4.0,4.0,0.0,0.0,5.0,4,0.0,yes
834,A319 / Boeing 787-9,Family Leisure,Business Class,Pisa to Toronto via London,2018-09-01 00:00:00,4.0,5.0,5.0,4.0,5.0,5,0.0,yes
835,None,Business,Business Class,Madrid to Heathrow,2018-08-01 00:00:00,1.0,1.0,2.0,0.0,2.0,2,0.0,no
836,None,Solo Leisure,Economy Class,Singapore to London,2018-08-01 00:00:00,1.0,1.0,3.0,3.0,2.0,1,0.0,no
837,Boeing 747-400 / A319,Solo Leisure,Economy Class,Washington to Frankfurt via London,2018-08-01 00:00:00,3.0,3.0,2.0,1.0,4.0,2,0.0,no
838,None,Family Leisure,Economy Class,Rome to London,2018-08-01 00:00:00,3.0,3.0,0.0,0.0,3.0,2,0.0,no
839,A380,Solo Leisure,Economy Class,London Heathrow to Hong Kong,2018-08-01 00:00:00,5.0,5.0,3.0,5.0,4.0,3,0.0,yes
840,A318,Solo Leisure,Economy Class,London Heathrow to Düsseldorf,2018-08-01 00:00:00,5.0,4.0,0.0,0.0,5.0,4,0.0,yes
841,A320,Couple Leisure,Business Class,London to Athens,2018-08-01 00:00:00,1.0,3.0,2.0,1.0,2.0,3,1.0,no
842,A380,Family Leisure,First Class,London Heathrow to Singapore,2018-07-01 00:00:00,5.0,5.0,5.0,4.0,5.0,5,0.0,yes
843,Boeing 787,Couple Leisure,Premium Economy,Philadelphia to London,2018-08-01 00:00:00,3.0,1.0,1.0,3.0,4.0,3,0.0,no
844,Boeing 747-400,Family Leisure,Economy Class,London to Las Vegas,2018-07-01 00:00:00,1.0,1.0,1.0,1.0,1.0,1,0.0,no
845,None,Business,Business Class,Zagreb to London,2018-08-01 00:00:00,2.0,2.0,1.0,0.0,2.0,2,0.0,no
846,A380,Family Leisure,Business Class,Los Angeles to Milan via London,2018-08-01 00:00:00,4.0,3.0,3.0,3.0,1.0,1,0.0,no
847,Boeing 777,Solo Leisure,Premium Economy,Toronto to London,2018-08-01 00:00:00,3.0,5.0,2.0,2.0,4.0,3,0.0,yes
848,A380,Couple Leisure,Business Class,San Francisco to London Heathrow,2018-07-01 00:00:00,4.0,5.0,4.0,1.0,4.0,4,0.0,no
849,None,Solo Leisure,Economy Class,London to Dublin,2018-08-01 00:00:00,5.0,5.0,2.0,0.0,4.0,3,0.0,yes
850,A321,Couple Leisure,Economy Class,London to Paris,2018-01-01 00:00:00,3.0,5.0,5.0,0.0,4.0,3,0.0,yes
851,A320,Couple Leisure,Economy Class,Amsterdam to London,2018-06-01 00:00:00,3.0,5.0,4.0,0.0,4.0,4,0.0,yes
852,Boeing 777,Solo Leisure,First Class,New York JFK to London,2018-08-01 00:00:00,4.0,5.0,3.0,0.0,5.0,4,0.0,no
853,None,Couple Leisure,Economy Class,Amman to London,2018-04-01 00:00:00,2.0,1.0,1.0,1.0,1.0,1,0.0,no
854,A320,Couple Leisure,Business Class,Paphos to Gatwick,2018-07-01 00:00:00,3.0,5.0,3.0,0.0,1.0,3,0.0,no
855,A320,Couple Leisure,Business Class,Gatwick to Paphos,2018-07-01 00:00:00,3.0,5.0,4.0,0.0,4.0,4,0.0,yes
856,Boeing 747-400,Family Leisure,Business Class,New York to Nairobi via London,2018-07-01 00:00:00,2.0,5.0,2.0,2.0,2.0,2,0.0,no
857,None,Business,Economy Class,Istanbul to London Heathrow,2018-07-01 00:00:00,1.0,1.0,0.0,1.0,1.0,1,0.0,no
858,None,Family Leisure,Economy Class,Heathrow to Milan,2018-07-01 00:00:00,3.0,2.0,0.0,0.0,1.0,1,0.0,no
859,Boeing 787-9,Business,Premium Economy,London to Santiago de Chile,2018-07-01 00:00:00,4.0,5.0,4.0,4.0,4.0,5,0.0,yes
860,Boeing 777,Couple Leisure,Business Class,London Heathrow to Seattle Tacoma,2018-07-01 00:00:00,4.0,4.0,4.0,2.0,4.0,4,0.0,no
861,A320-200,Family Leisure,Economy Class,London Gatwick to Tirana Rinas,2018-07-01 00:00:00,4.0,4.0,3.0,0.0,5.0,3,0.0,yes
862,A320,Couple Leisure,Economy Class,London to Murcia ,2018-07-01 00:00:00,5.0,5.0,5.0,0.0,3.0,5,0.0,yes
863,A321,Solo Leisure,Business Class,London to Amsterdam,2018-07-01 00:00:00,3.0,4.0,3.0,0.0,1.0,1,0.0,no
864,Boeing 777,Family Leisure,Economy Class,Aberdeen to Abu Dhabi via London,2018-07-01 00:00:00,3.0,1.0,1.0,4.0,1.0,3,0.0,no
865,A320 / Boeing 747-400,Solo Leisure,Economy Class,Prague to Denver via London,2018-06-01 00:00:00,3.0,5.0,5.0,3.0,1.0,2,0.0,no
866,A319,Couple Leisure,Economy Class,Seville to Gatwick,2018-07-01 00:00:00,2.0,1.0,1.0,0.0,1.0,3,0.0,no
867,None,Solo Leisure,Economy Class,London to Amsterdam,2018-07-01 00:00:00,1.0,1.0,0.0,0.0,1.0,1,0.0,no
868,None,Couple Leisure,Business Class,Gatwick to Barcelona ,2018-07-01 00:00:00,1.0,3.0,1.0,0.0,4.0,1,0.0,no
869,Boeing 777 / A380,Business,Premium Economy,HKG to LHR,2018-06-01 00:00:00,4.0,5.0,4.0,5.0,5.0,4,3.0,yes
870,A320,Solo Leisure,Business Class,Faro to Gatwick,2018-07-01 00:00:00,3.0,2.0,4.0,0.0,3.0,4,0.0,yes
871,A320,Solo Leisure,Business Class,Gatwick to Faro,2018-07-01 00:00:00,3.0,4.0,3.0,0.0,5.0,4,0.0,yes
872,Boeing 787-9 / A380-800,Solo Leisure,First Class,Jeddah to Chicago via London,2018-05-01 00:00:00,4.0,5.0,4.0,5.0,1.0,5,4.0,no
873,None,Business,Business Class,London to Frankfurt,2018-07-01 00:00:00,1.0,1.0,1.0,0.0,1.0,1,0.0,no
874,A321,Solo Leisure,Business Class,Gatwick to Malaga,2018-07-01 00:00:00,4.0,5.0,5.0,0.0,3.0,5,0.0,yes
875,Boeing 777-200,Couple Leisure,Business Class,Bermuda to Gatwick,2018-05-01 00:00:00,4.0,3.0,1.0,4.0,4.0,2,0.0,yes
876,None,Business,Economy Class,Aberdeen to Boston via London,2018-07-01 00:00:00,2.0,4.0,4.0,5.0,4.0,3,4.0,yes
877,A319,Solo Leisure,Economy Class,London to Hamburg,2018-06-01 00:00:00,4.0,3.0,0.0,0.0,5.0,3,0.0,yes
878,None,Family Leisure,Premium Economy,London Heathrow to Hong Kong,2018-07-01 00:00:00,3.0,3.0,2.0,3.0,1.0,2,2.0,no
879,None,Couple Leisure,Economy Class,London to Istanbul,2018-06-01 00:00:00,3.0,3.0,1.0,1.0,1.0,2,0.0,no
880,A320,Solo Leisure,Economy Class,Munich to London Heathrow,2018-07-01 00:00:00,4.0,4.0,2.0,0.0,5.0,3,0.0,yes
881,None,Couple Leisure,Business Class,Edinburgh-Florence ,2018-07-01 00:00:00,4.0,5.0,5.0,0.0,5.0,5,0.0,yes
882,None,Solo Leisure,Economy Class,London Heathrow to Manchester,2018-07-01 00:00:00,1.0,1.0,1.0,1.0,1.0,1,1.0,no
883,None,Couple Leisure,Economy Class,London to Madrid,2018-07-01 00:00:00,1.0,0.0,0.0,0.0,1.0,1,0.0,no
884,Boeing 777,Business,Business Class,London to Shanghai,2018-06-01 00:00:00,1.0,5.0,4.0,2.0,2.0,3,0.0,no
885,Boeing 777,Family Leisure,Economy Class,London to Tehran,2017-08-01 00:00:00,1.0,1.0,1.0,0.0,4.0,1,0.0,no
886,A321,Couple Leisure,Economy Class,Pisa to London Heathrow,2018-07-01 00:00:00,1.0,3.0,0.0,0.0,3.0,2,0.0,no
887,Boeing 747,Business,First Class,London Heathrow to Las Vegas,2018-06-01 00:00:00,3.0,2.0,2.0,2.0,3.0,1,2.0,no
888,Boeing 747,Couple Leisure,Economy Class,Dublin to Miami via London,2018-06-01 00:00:00,1.0,1.0,1.0,0.0,1.0,1,0.0,no
889,None,Family Leisure,Economy Class,Johannesburg to Heathrow,2018-06-01 00:00:00,1.0,4.0,1.0,4.0,1.0,1,0.0,no
890,None,Couple Leisure,Economy Class,Toronto to London,2018-07-01 00:00:00,1.0,1.0,1.0,3.0,1.0,1,0.0,no
891,None,Couple Leisure,Business Class,Rome to Gatwick,2017-08-01 00:00:00,1.0,1.0,1.0,0.0,1.0,1,0.0,no
892,None,Solo Leisure,Premium Economy,Mumbai to Edinburgh via London,2018-06-01 00:00:00,5.0,5.0,3.0,4.0,5.0,5,0.0,yes
893,None,Solo Leisure,Business Class,Mumbai to London Heathrow,2018-06-01 00:00:00,2.0,3.0,3.0,4.0,3.0,1,0.0,no
894,Boeing 747 / 777,Solo Leisure,Premium Economy,Delhi to London,2018-06-01 00:00:00,4.0,4.0,4.0,4.0,4.0,4,0.0,yes
895,Boeing 787(9),Couple Leisure,Business Class,Seychelles to London,2018-06-01 00:00:00,2.0,3.0,3.0,3.0,1.0,1,0.0,no
896,A320,Couple Leisure,Business Class,Gatwick to Gibraltar,2018-06-01 00:00:00,5.0,5.0,5.0,0.0,4.0,4,0.0,yes
897,A380,Business,First Class,London to Vancouver,2018-06-01 00:00:00,2.0,4.0,2.0,2.0,2.0,4,0.0,no
898,None,Business,Economy Class,Milan to London,2018-06-01 00:00:00,0.0,0.0,0.0,0.0,0.0,1,0.0,no
899,Boeing 747,Family Leisure,Economy Class,New York JFK to Rome via London Heathrow,2018-06-01 00:00:00,3.0,5.0,5.0,5.0,1.0,1,5.0,no
900,Boeing 777,Business,Business Class,Newark to London Heathrow,2018-06-01 00:00:00,3.0,1.0,1.0,3.0,4.0,2,3.0,no
901,Boeing 747 and Boeing 777,Couple Leisure,Business Class,London Heathrow to Seattle,2018-06-01 00:00:00,4.0,5.0,5.0,4.0,5.0,3,0.0,yes
902,Boeing 747,Solo Leisure,Economy Class,London to Johannesburg,2018-04-01 00:00:00,1.0,1.0,1.0,1.0,4.0,2,1.0,no
903,Boeing 787,Couple Leisure,Premium Economy,Calgary to London,2018-06-01 00:00:00,1.0,1.0,1.0,2.0,2.0,2,1.0,no
904,Boeing 767,Business,Economy Class,London to Zurich,2018-06-01 00:00:00,3.0,2.0,1.0,1.0,4.0,4,1.0,no
905,Boeing 747,Couple Leisure,Economy Class,Glasgow to New York via London,2018-06-01 00:00:00,2.0,4.0,4.0,3.0,3.0,3,0.0,no
906,Boeing 787,Solo Leisure,Economy Class,London Heathrow to Baltimore,2018-06-01 00:00:00,2.0,3.0,3.0,4.0,4.0,4,0.0,yes
907,A380 and 747,Couple Leisure,Business Class,London to Johannesburg,2018-02-01 00:00:00,2.0,3.0,3.0,0.0,3.0,1,0.0,no
908,None,Couple Leisure,Premium Economy,Los Angeles to London,2018-05-01 00:00:00,1.0,2.0,1.0,3.0,1.0,1,3.0,no
909,None,Couple Leisure,Economy Class,Tampa to London,2018-05-01 00:00:00,2.0,1.0,1.0,0.0,3.0,1,0.0,no
910,Boeing 747-400,Couple Leisure,Business Class,Cape Town to London Heathrow,2018-06-01 00:00:00,2.0,3.0,2.0,2.0,3.0,3,0.0,no
911,None,Solo Leisure,Economy Class,Gatwick to San Jose ,2018-06-01 00:00:00,3.0,0.0,0.0,0.0,3.0,2,0.0,no
912,Boeing 777-200 ER,Solo Leisure,Premium Economy,Toronto to London,2018-06-01 00:00:00,3.0,5.0,4.0,3.0,5.0,4,0.0,yes
913,Boeing 747-400,Couple Leisure,Economy Class,London to Chicago,2018-04-01 00:00:00,5.0,5.0,4.0,4.0,4.0,5,0.0,yes
914,None,Business,First Class,Geneva to Vancouver via London,2018-03-01 00:00:00,4.0,1.0,2.0,3.0,5.0,1,0.0,no
915,A320,Couple Leisure,Business Class,London Heathrow to Corfu ,2018-05-01 00:00:00,4.0,5.0,5.0,0.0,4.0,5,0.0,yes
916,A320,Couple Leisure,Economy Class,Barcelona to Gatwick,2018-06-01 00:00:00,3.0,1.0,1.0,0.0,3.0,2,0.0,no
917,None,Business,Business Class,Hong Kong to London,2018-06-01 00:00:00,1.0,1.0,2.0,1.0,3.0,1,0.0,no
918,Boeing 747 / A320,Solo Leisure,Business Class,Washington to Bucharest via London,2018-05-01 00:00:00,5.0,5.0,4.0,0.0,5.0,5,0.0,yes
919,A320,Solo Leisure,Economy Class,London to Warsaw,2018-05-01 00:00:00,2.0,2.0,0.0,0.0,3.0,3,0.0,no
920,A320,Solo Leisure,Economy Class,London to Istanbul,2018-05-01 00:00:00,3.0,5.0,1.0,0.0,2.0,1,0.0,no
921,Boeing 747-400,Couple Leisure,First Class,London to Cape Town,2018-05-01 00:00:00,4.0,2.0,4.0,3.0,4.0,3,0.0,yes
922,Boeing 747,Solo Leisure,First Class,Miami to Hamburg via London,2018-05-01 00:00:00,3.0,4.0,3.0,0.0,2.0,1,0.0,no
923,None,Solo Leisure,Economy Class,Turin to London Gatwick,2018-05-01 00:00:00,2.0,3.0,1.0,0.0,1.0,1,0.0,no
924,None,Business,Economy Class,Frankfurt to London Cuty,2018-05-01 00:00:00,0.0,0.0,0.0,0.0,0.0,1,0.0,no
925,None,Couple Leisure,Economy Class,London to Madrid,2018-05-01 00:00:00,2.0,1.0,0.0,0.0,1.0,1,1.0,no
926,A380,Business,Business Class,Los Angeles to London Heathrow,2018-05-01 00:00:00,1.0,1.0,1.0,1.0,1.0,1,1.0,no
927,A320,Family Leisure,Economy Class,London Heathrow to Mahon,2018-05-01 00:00:00,3.0,2.0,0.0,0.0,1.0,2,0.0,no
928,Boeing 777-200,Business,First Class,Dubai to London Heathrow,2018-05-01 00:00:00,5.0,5.0,5.0,0.0,5.0,5,0.0,yes
929,A380,Solo Leisure,Economy Class,London Heathrow to Singapore,2018-05-01 00:00:00,4.0,3.0,4.0,3.0,4.0,4,0.0,yes
930,None,Couple Leisure,Economy Class,Paris to Newark,2018-05-01 00:00:00,1.0,1.0,0.0,0.0,1.0,1,0.0,no
931,None,Couple Leisure,Economy Class,Heraklion to Gatwick,2018-05-01 00:00:00,1.0,3.0,0.0,0.0,1.0,1,0.0,no
932,Boeing 747 400,Couple Leisure,Premium Economy,Washington to London,2018-05-01 00:00:00,1.0,4.0,2.0,1.0,2.0,1,0.0,no
933,A380,Business,Economy Class,Singapore to London,2018-05-01 00:00:00,4.0,2.0,1.0,1.0,3.0,4,0.0,no
934,Boeing 777-200,Business,Economy Class,Sydney to London via Singapore,2018-05-01 00:00:00,4.0,3.0,1.0,1.0,4.0,4,0.0,no
935,None,Couple Leisure,Business Class,Malaga to Gatwick,2018-05-01 00:00:00,4.0,4.0,4.0,0.0,4.0,4,0.0,yes
936,None,Solo Leisure,Economy Class,Barcelona to Gatwick,2018-05-01 00:00:00,1.0,1.0,0.0,0.0,1.0,2,0.0,no
937,A321,Business,Economy Class,Munich to London,2018-05-01 00:00:00,3.0,5.0,1.0,0.0,3.0,3,0.0,no
938,A320,Solo Leisure,Economy Class,London to Reykjavik ,2018-05-01 00:00:00,4.0,4.0,2.0,0.0,4.0,4,0.0,yes
939,Boeing 747-400,Business,Business Class,Cape Town to London,2018-05-01 00:00:00,3.0,1.0,1.0,1.0,3.0,2,0.0,no
940,Boeing 787 / A320,Couple Leisure,Economy Class,Washington to Prague via London,2018-05-01 00:00:00,1.0,3.0,3.0,4.0,2.0,3,0.0,no
941,Boeing 747,Solo Leisure,First Class,London to Washington,2018-05-01 00:00:00,3.0,2.0,2.0,1.0,4.0,1,0.0,no
942,Boeing 747,Solo Leisure,Economy Class,Washington to Glasgow via London,2018-05-01 00:00:00,4.0,4.0,3.0,3.0,3.0,5,0.0,yes
943,None,Solo Leisure,Economy Class,London to Montreal,2018-03-01 00:00:00,3.0,2.0,1.0,2.0,1.0,1,0.0,no
944,Boeing 777-300ER / A320,Solo Leisure,Economy Class,Tokyo to Amsterdam via London,2018-05-01 00:00:00,2.0,2.0,1.0,1.0,4.0,3,0.0,no
945,A320,Business,Business Class,Vienna to London Heathrow,2018-05-01 00:00:00,3.0,4.0,2.0,0.0,3.0,3,0.0,yes
946,A320,Solo Leisure,Economy Class,London Heathrow to Vienna,2018-05-01 00:00:00,1.0,1.0,1.0,2.0,1.0,1,0.0,no
947,None,Couple Leisure,Economy Class,Glasgow to Heathrow,2018-05-01 00:00:00,1.0,1.0,0.0,0.0,1.0,1,0.0,no
948,Boeing 747,Business,Business Class,London to Phoenix ,2018-05-01 00:00:00,4.0,3.0,4.0,1.0,4.0,4,1.0,yes
949,None,Solo Leisure,Economy Class,Glasgow to Heathrow,2018-05-01 00:00:00,1.0,1.0,0.0,0.0,1.0,1,0.0,no
950,A319 / Boeing 777,Solo Leisure,Economy Class,Brussels to Shanghai via London,2018-04-01 00:00:00,5.0,5.0,5.0,4.0,2.0,5,0.0,yes
951,A380,Solo Leisure,Economy Class,Chicago to London Heathrow,2018-05-01 00:00:00,4.0,4.0,3.0,3.0,4.0,3,3.0,yes
952,A320 / Boeing 787,Couple Leisure,Economy Class,Athens to Philadelphia via London,2018-04-01 00:00:00,4.0,4.0,2.0,4.0,4.0,3,4.0,no
953,Boeing 777,Couple Leisure,Business Class,Hong Kong to London,2018-04-01 00:00:00,2.0,5.0,3.0,3.0,4.0,4,0.0,no
954,A380,Solo Leisure,Business Class,Los Angeles to London Heathrow,2018-04-01 00:00:00,4.0,5.0,4.0,5.0,5.0,5,0.0,yes
955,A319 / Boeing 787-8,Solo Leisure,Premium Economy,Hamburg to Abu Dhabi via London ,2018-05-01 00:00:00,3.0,2.0,2.0,4.0,1.0,2,0.0,no
956,Boeing 787-8,Family Leisure,Business Class,GIG to LHR,2018-04-01 00:00:00,4.0,3.0,3.0,4.0,4.0,3,3.0,yes
957,Boeing 747,Solo Leisure,Premium Economy,London Heathrow to Vancouver,2018-04-01 00:00:00,1.0,1.0,1.0,2.0,4.0,2,0.0,no
958,Boeing 767,Business,Business Class,Madrid to London,2018-04-01 00:00:00,4.0,5.0,4.0,0.0,4.0,3,0.0,yes
959,None,Solo Leisure,Economy Class,Venice to Gatwick,2018-02-01 00:00:00,3.0,3.0,0.0,0.0,1.0,1,0.0,no
960,A380,Business,Business Class,Singapore to Dublin via London,2018-03-01 00:00:00,2.0,5.0,4.0,3.0,2.0,2,0.0,no
961,None,Couple Leisure,Economy Class,London to Budapest,2018-04-01 00:00:00,3.0,3.0,1.0,1.0,2.0,1,1.0,no
962,None,Business,Economy Class,Florence to London Gatwick,2018-04-01 00:00:00,0.0,0.0,0.0,0.0,0.0,1,0.0,no
963,Boeing 777-300,Family Leisure,Business Class,London to Sao Paulo,2018-04-01 00:00:00,4.0,4.0,4.0,5.0,5.0,4,4.0,yes
964,Boeing 777,Couple Leisure,Business Class,Tampa to London Gatwick,2018-04-01 00:00:00,1.0,1.0,1.0,1.0,1.0,1,1.0,no
965,A319,Business,Business Class,London Heathrow to Dusseldorf,2018-02-01 00:00:00,1.0,1.0,1.0,0.0,1.0,1,0.0,no
966,A320,Business,Business Class,Madrid to London,2018-04-01 00:00:00,2.0,5.0,1.0,0.0,1.0,1,0.0,no
967,A321,Business,Business Class,London to Moscow,2018-03-01 00:00:00,1.0,4.0,1.0,0.0,1.0,2,0.0,no
968,Boeing 747-400,Solo Leisure,Economy Class,Miami to London ,2018-03-01 00:00:00,4.0,4.0,4.0,4.0,4.0,4,0.0,yes
969,None,Couple Leisure,Economy Class,Gatwick to Barbados,2017-12-01 00:00:00,2.0,2.0,1.0,2.0,3.0,2,0.0,no
970,Boeing 747-400,Solo Leisure,Economy Class,London Heathrow to Dallas,2018-04-01 00:00:00,3.0,3.0,3.0,2.0,3.0,2,0.0,no
971,A320,Business,Business Class,London to Copenhagen ,2018-04-01 00:00:00,2.0,3.0,1.0,0.0,3.0,2,0.0,no
972,None,Business,Economy Class,Istanbul to London,2018-04-01 00:00:00,3.0,3.0,1.0,1.0,2.0,1,1.0,no
973,A380,Family Leisure,Premium Economy,Los Angeles to London,2018-04-01 00:00:00,1.0,1.0,2.0,3.0,1.0,1,1.0,no
974,None,Business,Economy Class,Belfast to London ,2018-04-01 00:00:00,2.0,1.0,1.0,1.0,1.0,1,1.0,no
975,None,Solo Leisure,Economy Class,Naples to Gatwick,2018-04-01 00:00:00,3.0,2.0,2.0,0.0,2.0,1,0.0,no
976,Boeing 777-300,Family Leisure,Premium Economy,São Paulo to London Heathrow,2018-04-01 00:00:00,2.0,1.0,2.0,3.0,2.0,2,0.0,no
977,None,Couple Leisure,Premium Economy,Dallas to Lagos via London Heathrow,2018-02-01 00:00:00,2.0,2.0,2.0,2.0,1.0,1,1.0,no
978,A320,Couple Leisure,Economy Class,Budapest to London Heathrow,2018-03-01 00:00:00,1.0,1.0,0.0,0.0,3.0,2,0.0,no
979,Boeing 777,Family Leisure,Economy Class,London Heathrow to New York JFK,2018-04-01 00:00:00,1.0,5.0,2.0,2.0,1.0,3,0.0,no
980,None,Solo Leisure,Economy Class,London to Vienna,2017-12-01 00:00:00,3.0,4.0,0.0,0.0,1.0,1,0.0,no
981,Boeing 787-9,Family Leisure,Premium Economy,London Heathrow to Cairo ,2018-04-01 00:00:00,4.0,5.0,5.0,5.0,5.0,5,0.0,yes
982,Boeing 777,Couple Leisure,Business Class,St Lucia to Gatwick,2018-03-01 00:00:00,2.0,2.0,2.0,3.0,3.0,1,0.0,no
983,Boeing 777-200,Couple Leisure,Business Class,Fort Lauderdale to Gatwick,2018-03-01 00:00:00,2.0,3.0,3.0,2.0,3.0,3,0.0,no
984,Boeing 747,Family Leisure,Business Class,Dubai to London Heathrow,2018-03-01 00:00:00,4.0,5.0,4.0,3.0,4.0,4,0.0,yes
985,None,Couple Leisure,Economy Class,London to Las Vegas ,2018-03-01 00:00:00,2.0,4.0,1.0,2.0,2.0,3,0.0,no
986,None,Solo Leisure,Economy Class,Tampa to Gatwick,2018-03-01 00:00:00,4.0,5.0,5.0,5.0,5.0,5,0.0,yes
987,A320,Business,Economy Class,Heathrow to Keflavik,2018-03-01 00:00:00,3.0,4.0,4.0,0.0,5.0,4,0.0,yes
988,Boeing 787-9,Solo Leisure,First Class,London to Muscat,2018-03-01 00:00:00,5.0,4.0,4.0,3.0,4.0,4,0.0,yes
989,None,Family Leisure,Economy Class,Cape Town to London,2018-03-01 00:00:00,2.0,2.0,2.0,1.0,2.0,1,0.0,no
990,A320,Family Leisure,Business Class,Gatwick to Madeira,2018-03-01 00:00:00,2.0,4.0,3.0,0.0,2.0,1,0.0,no
991,None,Solo Leisure,Economy Class,London to Casablanca,2018-03-01 00:00:00,3.0,3.0,0.0,0.0,1.0,1,0.0,no
992,None,Solo Leisure,Economy Class,Berlin to Hong Kong via London,2018-02-01 00:00:00,3.0,5.0,0.0,0.0,4.0,4,0.0,yes
993,None,Solo Leisure,Economy Class,Hyderabad to Brussels via London,2018-03-01 00:00:00,3.0,3.0,2.0,2.0,3.0,1,0.0,no
994,Boeing 777-200,Couple Leisure,Business Class,London Gatwick to Fort Lauderdale ,2018-03-01 00:00:00,3.0,4.0,4.0,3.0,4.0,4,0.0,yes
995,None,Business,Business Class,Milan to London Heathrow,2018-03-01 00:00:00,3.0,1.0,0.0,0.0,4.0,1,0.0,no
996,None,Family Leisure,Business Class,London to Helsinki,2018-03-01 00:00:00,5.0,5.0,5.0,0.0,5.0,5,0.0,yes
997,None,Solo Leisure,Economy Class,London Heathrow to Denver,2018-03-01 00:00:00,5.0,5.0,5.0,5.0,5.0,5,0.0,yes
998,None,Solo Leisure,Economy Class,Heathrow to Kuala Lumpur,2018-03-01 00:00:00,3.0,3.0,1.0,2.0,4.0,1,0.0,no
999,Boeing 777-200,Business,Business Class,Bangkok to London,2018-03-01 00:00:00,1.0,2.0,1.0,0.0,4.0,1,0.0,no
1000,None,Couple Leisure,Business Class,Beijing to London,2018-03-01 00:00:00,3.0,4.0,4.0,4.0,3.0,4,0.0,yes
1001,None,Couple Leisure,Business Class,London to Beijing,2018-03-01 00:00:00,3.0,2.0,3.0,4.0,3.0,3,0.0,yes
1002,Boeing 777,Couple Leisure,Economy Class,Bangkok to London,2018-03-01 00:00:00,1.0,2.0,1.0,2.0,1.0,2,1.0,no
1003,Boeing 777,Solo Leisure,Economy Class,Moscow to Heathrow,2018-02-01 00:00:00,2.0,1.0,1.0,3.0,1.0,3,1.0,no
1004,Boeing 787-9,Business,First Class,London Heathrow to Delhi Airport,2017-10-01 00:00:00,4.0,1.0,1.0,1.0,2.0,1,1.0,no
1005,None,Solo Leisure,Economy Class,Belfast to Lisbon via London,2018-03-01 00:00:00,3.0,4.0,1.0,0.0,4.0,2,0.0,no
1006,None,Solo Leisure,Economy Class,London to Belfast,2018-03-01 00:00:00,5.0,5.0,0.0,0.0,4.0,3,0.0,no
1007,Boeing 747-400,Business,Economy Class,Miami to London,2018-03-01 00:00:00,2.0,3.0,3.0,1.0,3.0,2,1.0,no
1008,A320,Business,Business Class,Warsaw to London,2018-03-01 00:00:00,1.0,4.0,5.0,0.0,4.0,4,0.0,yes
1009,None,Solo Leisure,Economy Class,Stockholm to London,2018-03-01 00:00:00,3.0,3.0,0.0,0.0,3.0,2,0.0,no
1010,None,Business,Economy Class,Lisbon to London Heathrow,2018-03-01 00:00:00,4.0,2.0,2.0,0.0,5.0,2,0.0,no
1011,A380,Business,Premium Economy,Singapore to Heathrow,2018-03-01 00:00:00,1.0,1.0,1.0,1.0,1.0,1,0.0,no
1012,Boeing 777,Business,Business Class,Chicago to Chennai via London,2018-02-01 00:00:00,1.0,1.0,1.0,0.0,1.0,1,0.0,no
1013,Boeing 787,Solo Leisure,Economy Class,London Heathrow to Toronto,2018-02-01 00:00:00,3.0,4.0,3.0,2.0,4.0,4,0.0,yes
1014,A380,Business,Business Class,London to Hong Kong,2018-02-01 00:00:00,3.0,1.0,1.0,3.0,3.0,1,1.0,no
1015,A380,Solo Leisure,Premium Economy,Miami to London Heathrow,2018-02-01 00:00:00,5.0,5.0,3.0,5.0,5.0,5,0.0,yes
1016,Boeing 747,Couple Leisure,First Class,London to Phoenix,2017-07-01 00:00:00,1.0,5.0,1.0,1.0,1.0,1,1.0,no
1017,None,Couple Leisure,Business Class,London to Istanbul,2018-02-01 00:00:00,1.0,2.0,2.0,0.0,2.0,2,0.0,no
1018,A319,Couple Leisure,Economy Class,Edimbourgh to London Gatwick,2018-02-01 00:00:00,1.0,3.0,0.0,0.0,3.0,5,0.0,no
1019,Boeing 747-400,Business,Business Class,Chicago to London Heathrow,2018-02-01 00:00:00,1.0,1.0,1.0,1.0,3.0,1,1.0,no
1020,Boeing 757,Solo Leisure,Economy Class,Athens to London,2018-02-01 00:00:00,3.0,4.0,0.0,2.0,4.0,5,0.0,yes
1021,Boeing 747,Couple Leisure,Premium Economy,London Heathrow to Miami,2018-02-01 00:00:00,2.0,3.0,2.0,2.0,3.0,2,0.0,no
1022,Boeing 777,Solo Leisure,Economy Class,London to Bombay,2017-12-01 00:00:00,4.0,5.0,4.0,4.0,3.0,5,0.0,yes
1023,A319/320,Couple Leisure,Business Class,Manchester to Gothenburg via London Heathrow,2018-02-01 00:00:00,2.0,3.0,2.0,1.0,3.0,2,1.0,no
1024,None,Business,Economy Class,London Heathrow to Prague,2018-02-01 00:00:00,3.0,1.0,0.0,0.0,1.0,1,0.0,no
1025,None,Solo Leisure,Economy Class,New Orleans to Hyderabad via London,2018-02-01 00:00:00,1.0,1.0,1.0,1.0,2.0,2,0.0,no
1026,None,Business,Business Class,London to Athens,2018-01-01 00:00:00,1.0,4.0,2.0,1.0,2.0,1,1.0,no
1027,Boeing 777,Couple Leisure,Economy Class,London Gatwick to Cape Town,2018-02-01 00:00:00,4.0,3.0,4.0,3.0,4.0,3,0.0,no
1028,None,Couple Leisure,Economy Class,Las Vegas to London Heathrow,2018-02-01 00:00:00,2.0,1.0,1.0,3.0,1.0,2,1.0,no
1029,A321,Solo Leisure,Business Class,Aberdeen to London Heathrow,2018-02-01 00:00:00,5.0,5.0,5.0,0.0,4.0,5,0.0,yes
1030,A320,Solo Leisure,Business Class,Dusseldorf to London,2018-02-01 00:00:00,3.0,5.0,5.0,0.0,4.0,4,0.0,yes
1031,Boeing 777,Solo Leisure,Economy Class,Orlando to Gatwick,2018-02-01 00:00:00,3.0,5.0,1.0,3.0,4.0,3,0.0,no
1032,A380,Solo Leisure,Economy Class,London to Johannesburg,2018-01-01 00:00:00,5.0,5.0,3.0,5.0,5.0,4,0.0,yes
1033,None,Business,Business Class,Chicago to Hyderabad via London Heathrow,2018-02-01 00:00:00,3.0,4.0,3.0,0.0,3.0,4,0.0,yes
1034,None,Solo Leisure,Premium Economy,San Francisco to Hyderabad via London,2017-12-01 00:00:00,1.0,1.0,0.0,0.0,1.0,1,0.0,no
1035,A319,Business,Economy Class,London to Duesseldorf,2018-01-01 00:00:00,1.0,1.0,0.0,0.0,1.0,1,0.0,no
1036,None,Couple Leisure,Business Class,Rio de Janiero to London,2018-01-01 00:00:00,2.0,2.0,2.0,2.0,2.0,1,0.0,no
1037,Boeing 777,Solo Leisure,Premium Economy,London to Bengaluru,2018-02-01 00:00:00,2.0,1.0,1.0,1.0,2.0,1,0.0,no
1038,Boeing 777-300ER,Couple Leisure,Economy Class,Houston to Dublin via London Heathrow,2018-01-01 00:00:00,3.0,4.0,4.0,5.0,4.0,5,0.0,yes
1039,None,Couple Leisure,Economy Class,Reykjavik to London,2018-02-01 00:00:00,4.0,4.0,1.0,4.0,1.0,2,4.0,no
1040,None,Couple Leisure,Economy Class,Bangkok to Lisbon via Heathrow,2017-12-01 00:00:00,0.0,0.0,0.0,0.0,0.0,1,0.0,no
1041,None,Solo Leisure,Economy Class,Johannesburg to Cape Town,2018-01-01 00:00:00,3.0,3.0,3.0,0.0,3.0,4,0.0,yes
1042,A320,Solo Leisure,Economy Class,London Heathrow to Paris Orly,2017-10-01 00:00:00,3.0,4.0,0.0,0.0,2.0,2,0.0,no
1043,A320,Solo Leisure,Business Class,London Heathrow to Belfast,2018-01-01 00:00:00,5.0,4.0,4.0,0.0,4.0,4,0.0,yes
1044,None,Couple Leisure,Economy Class,New York to Paris,2017-12-01 00:00:00,1.0,0.0,0.0,0.0,1.0,1,0.0,no
1045,A380,Business,Business Class,Singapore to Madrid via London Heathrow,2018-01-01 00:00:00,1.0,2.0,2.0,2.0,1.0,1,0.0,no
1046,Boeing 777,Solo Leisure,Business Class,Gatwick to Tobago,2018-01-01 00:00:00,3.0,3.0,3.0,2.0,2.0,3,0.0,no
1047,A319,Business,Business Class,London Gatwick to Turin,2018-01-01 00:00:00,1.0,1.0,2.0,0.0,3.0,1,0.0,no
1048,None,Solo Leisure,Economy Class,Warsaw to London Heathrow,2018-01-01 00:00:00,1.0,1.0,3.0,1.0,1.0,1,1.0,no
1049,None,Solo Leisure,Economy Class,London Heathrow to Vancouver,2018-01-01 00:00:00,3.0,4.0,3.0,0.0,3.0,3,0.0,no
1050,None,Couple Leisure,Business Class, London Heathrow to Madrid,2018-01-01 00:00:00,2.0,4.0,4.0,0.0,2.0,3,0.0,no
1051,A320,Solo Leisure,Economy Class,London to Dusseldorf,2017-12-01 00:00:00,2.0,4.0,1.0,1.0,1.0,1,1.0,no
1052,None,Solo Leisure,Business Class,Johannesburg to London,2017-12-01 00:00:00,1.0,1.0,1.0,2.0,2.0,1,0.0,no
1053,Boeing 777-200,Couple Leisure,Business Class,London to Bangkok,2018-01-01 00:00:00,5.0,5.0,5.0,2.0,5.0,5,2.0,yes
1054,A320,Solo Leisure,Business Class,London Gatwick to Rome Fiumicino,2017-12-01 00:00:00,5.0,5.0,5.0,5.0,5.0,5,0.0,yes
1055,Boeing 787-9,Solo Leisure,Business Class,"San Jose, CA to London Heathrow",2018-01-01 00:00:00,4.0,5.0,5.0,4.0,3.0,4,0.0,yes
1056,Boeing 777,Business,Business Class,Dubai to London,2017-12-01 00:00:00,1.0,1.0,1.0,0.0,1.0,1,0.0,no
1057,E170 / A319,Business,Economy Class,London to Düsseldorf,2018-01-01 00:00:00,3.0,5.0,1.0,0.0,4.0,2,0.0,no
1058,None,Family Leisure,Economy Class,New York to London,2017-11-01 00:00:00,1.0,1.0,2.0,1.0,2.0,1,1.0,no
1059,Boeing 777,Solo Leisure,Economy Class,Bangkok to Aberdeen via Heathrow,2018-01-01 00:00:00,3.0,4.0,4.0,2.0,4.0,4,0.0,yes
1060,E190,Couple Leisure,Economy Class,Rotterdam to London City,2018-01-01 00:00:00,5.0,5.0,3.0,0.0,4.0,5,0.0,yes
1061,None,Couple Leisure,Economy Class,London to Cape Town,2017-03-01 00:00:00,1.0,1.0,0.0,0.0,1.0,3,0.0,no
1062,Boeing 747-400,Solo Leisure,First Class,Chicago to London Heathrow,2018-01-01 00:00:00,5.0,5.0,5.0,5.0,4.0,5,0.0,yes
1063,Boeing 777-200,Couple Leisure,First Class,Toronto to London,2018-01-01 00:00:00,4.0,4.0,4.0,3.0,3.0,4,0.0,no
1064,Boeing 747,Solo Leisure,Economy Class,Las Vegas to Manchester via London,2018-01-01 00:00:00,1.0,2.0,1.0,2.0,1.0,1,0.0,no
1065,Boeing 777,Business,Business Class,London to Dubai,2018-01-01 00:00:00,2.0,1.0,1.0,0.0,3.0,1,0.0,no
1066,None,Solo Leisure,Economy Class,Amsterdam to London,2018-01-01 00:00:00,1.0,1.0,1.0,1.0,1.0,1,1.0,no
1067,A380,Solo Leisure,Economy Class,London to Johannesburg,2017-12-01 00:00:00,5.0,5.0,4.0,4.0,4.0,4,0.0,yes
1068,None,Business,Business Class,Gatwick to Funchal,2017-10-01 00:00:00,1.0,2.0,1.0,0.0,1.0,1,0.0,no
1069,None,Solo Leisure,Business Class,London to Tel Aviv,2017-12-01 00:00:00,1.0,1.0,0.0,0.0,1.0,1,0.0,no
1070,None,Solo Leisure,Premium Economy,London to Cape Town,2017-12-01 00:00:00,1.0,3.0,4.0,1.0,2.0,1,0.0,no
1071,Boeing 777-300ER,Family Leisure,First Class,Hong Kong to London,2017-12-01 00:00:00,4.0,5.0,5.0,0.0,4.0,4,0.0,yes
1072,A321,Couple Leisure,Business Class,Dublin to Heathrow,2017-12-01 00:00:00,1.0,1.0,1.0,0.0,1.0,1,0.0,no
1073,Boeing 747-400,Couple Leisure,Economy Class,London to New York,2017-11-01 00:00:00,1.0,1.0,1.0,2.0,3.0,2,1.0,no
1074,Boeing 747-400,Family Leisure,Economy Class,New York to London,2017-12-01 00:00:00,4.0,4.0,4.0,3.0,3.0,3,0.0,yes
1075,None,Family Leisure,Business Class,Budapest to Philadelphia via London,2017-07-01 00:00:00,2.0,4.0,2.0,2.0,3.0,3,1.0,no
1076,A380,Solo Leisure,Premium Economy,London to Hong Kong,2017-12-01 00:00:00,4.0,4.0,4.0,4.0,5.0,3,0.0,yes
1077,None,Solo Leisure,Economy Class,London to Montreal,2017-12-01 00:00:00,2.0,4.0,2.0,3.0,1.0,1,0.0,no
1078,Boeing 777,Family Leisure,First Class,London to Houston,2017-12-01 00:00:00,3.0,3.0,1.0,3.0,1.0,1,0.0,no
1079,None,Couple Leisure,Economy Class,Las Vegas to London,2017-12-01 00:00:00,1.0,1.0,1.0,2.0,1.0,1,1.0,no
1080,Boeing 747-400,Solo Leisure,Economy Class,Dubai to London Heathrow,2017-12-01 00:00:00,2.0,1.0,2.0,1.0,4.0,2,0.0,no
1081,Boeing 747-400,Solo Leisure,Economy Class,New York to Budapest via London,2017-12-01 00:00:00,1.0,1.0,1.0,1.0,1.0,1,1.0,no
1082,None,Solo Leisure,Economy Class,Tokyo Narita to London Heathrow,2017-12-01 00:00:00,2.0,1.0,1.0,1.0,2.0,1,1.0,no
1083,A320,Couple Leisure,Economy Class,Hamburg to London Heathrow,2017-06-01 00:00:00,3.0,2.0,0.0,0.0,5.0,2,0.0,no
1084,A320,Family Leisure,Economy Class,London to Pisa,2017-10-01 00:00:00,1.0,1.0,1.0,1.0,1.0,1,1.0,no
1085,A320,Family Leisure,Economy Class,London to Toulouse,2017-10-01 00:00:00,1.0,1.0,1.0,1.0,1.0,1,1.0,no
1086,Boeing 787-900,Solo Leisure,Business Class,London to Santiago ,2017-11-01 00:00:00,5.0,5.0,4.0,4.0,4.0,5,0.0,yes
1087,A320,Couple Leisure,Economy Class,London to Rome,2017-11-01 00:00:00,5.0,3.0,0.0,0.0,5.0,5,0.0,yes
1088,None,Solo Leisure,Economy Class,London to Manchester,2017-11-01 00:00:00,4.0,5.0,0.0,0.0,4.0,4,0.0,yes
1089,Boeing 777,Solo Leisure,Premium Economy,London to Seattle,2017-11-01 00:00:00,4.0,4.0,4.0,3.0,4.0,4,0.0,yes
1090,Boeing 777,Solo Leisure,Premium Economy,Seattle to London,2017-11-01 00:00:00,4.0,4.0,3.0,3.0,4.0,4,0.0,yes
1091,A320,Family Leisure,Economy Class,London to Barcelona,2017-06-01 00:00:00,1.0,1.0,0.0,0.0,1.0,1,0.0,no
1092,Boeing 747-400,Business,Economy Class,Vancouver to Edinburgh via London,2017-12-01 00:00:00,2.0,2.0,3.0,2.0,1.0,2,0.0,no
1093,A319,Solo Leisure,First Class,London to Berlin Tegel,2017-11-01 00:00:00,2.0,2.0,1.0,1.0,4.0,2,0.0,no
1094,Boeing 777-200,Family Leisure,First Class,London Heathrow to Dubai,2017-11-01 00:00:00,3.0,4.0,2.0,2.0,3.0,1,0.0,no
1095,Boeing 777-200,Family Leisure,First Class,Dubai to London Heathrow,2017-11-01 00:00:00,3.0,2.0,2.0,2.0,2.0,2,0.0,no
1096,Boeing 777-200,Business,Business Class,Saint Lucia to London Gatwick,2017-11-01 00:00:00,2.0,3.0,2.0,4.0,4.0,2,3.0,no
1097,A320,Business,Business Class,London Heathrow to Belfast,2017-11-01 00:00:00,4.0,5.0,4.0,0.0,4.0,4,0.0,yes
1098,None,Solo Leisure,Economy Class,London to Miami,2017-11-01 00:00:00,1.0,1.0,3.0,3.0,1.0,1,0.0,no
1099,Boeing 747-400,Couple Leisure,Business Class,London Heathrow to New York JFK,2017-11-01 00:00:00,4.0,5.0,5.0,5.0,4.0,4,4.0,yes
1100,None,Business,Economy Class,Berlin to London City,2017-09-01 00:00:00,1.0,1.0,1.0,1.0,1.0,1,1.0,no
1101,None,Solo Leisure,Economy Class,Funchal to London Gatwick ,2017-11-01 00:00:00,5.0,5.0,5.0,0.0,5.0,5,0.0,yes
1102,None,Couple Leisure,Business Class,Newcastle to San Francisco via London Heathrow,2017-08-01 00:00:00,4.0,5.0,4.0,4.0,3.0,3,0.0,no
1103,A320-200,Couple Leisure,Business Class,Manchester to London,2017-10-01 00:00:00,1.0,3.0,3.0,0.0,1.0,3,0.0,no
1104,Boeing 767,Family Leisure,Economy Class,London to Athens,2017-11-01 00:00:00,3.0,3.0,0.0,0.0,1.0,2,0.0,no
1105,A320/319,Business,Economy Class,Berlin Tegel to London Heathrow,2017-11-01 00:00:00,4.0,1.0,0.0,0.0,2.0,1,0.0,no
1106,Boeing 777,Couple Leisure,Business Class,London Heathrow to Doha,2017-10-01 00:00:00,2.0,3.0,2.0,1.0,2.0,3,1.0,no
1107,Boeing 777-300,Couple Leisure,Economy Class,Singapore to Sydney,2017-11-01 00:00:00,3.0,1.0,1.0,2.0,3.0,2,1.0,no
1108,A320,Business,Economy Class,London Heathrow to Basel,2017-11-01 00:00:00,2.0,1.0,1.0,0.0,1.0,1,0.0,no
1109,Boeing 747,Couple Leisure,Economy Class,Miami to London Heathrow,2017-11-01 00:00:00,1.0,5.0,1.0,1.0,3.0,3,0.0,no
1110,Boeing 747-400,Business,Business Class,Prague to Washington via London,2017-11-01 00:00:00,1.0,1.0,1.0,1.0,1.0,1,0.0,no
1111,Boeing 747-400,Couple Leisure,First Class,Cape Town to London,2017-11-01 00:00:00,4.0,5.0,5.0,3.0,4.0,4,0.0,yes
1112,Boeing 777-200 ER,Business,Premium Economy,Bangkok to London Heathrow,2017-09-01 00:00:00,2.0,4.0,3.0,1.0,5.0,3,0.0,no
1113,None,Solo Leisure,Economy Class,London Gatwick to Verona,2017-10-01 00:00:00,4.0,2.0,0.0,0.0,1.0,1,0.0,no
1114,None,Business,Economy Class,Madrid to London Heathrow,2017-09-01 00:00:00,3.0,4.0,0.0,0.0,3.0,1,0.0,no
1115,Boeing 777-200,Solo Leisure,First Class,Tel Aviv to London,2017-11-01 00:00:00,5.0,4.0,5.0,4.0,2.0,5,1.0,yes
1116,Boeing 777-200,Solo Leisure,Business Class,London to Tel Aviv,2017-11-01 00:00:00,5.0,4.0,4.0,1.0,4.0,5,1.0,yes
1117,Boeing 787,Family Leisure,Economy Class,Kuala Lumpur to Madrid via London,2017-11-01 00:00:00,4.0,3.0,2.0,4.0,3.0,4,0.0,yes
1118,A319,Solo Leisure,Economy Class,Madrid to London Heathrow,2017-11-01 00:00:00,3.0,1.0,1.0,0.0,2.0,3,0.0,no
1119,None,Couple Leisure,Economy Class,Bologna to London Heathrow,2017-10-01 00:00:00,1.0,1.0,2.0,4.0,4.0,2,0.0,no
1120,None,Couple Leisure,Economy Class,Baltimore to Rome via London,2017-11-01 00:00:00,1.0,2.0,1.0,1.0,1.0,1,1.0,no
1121,A380,Couple Leisure,Business Class,London Heathrow to Johannesburg,2017-11-01 00:00:00,4.0,4.0,4.0,3.0,4.0,4,0.0,yes
1122,None,Solo Leisure,Economy Class,London Heathrow to Brussels,2017-11-01 00:00:00,4.0,1.0,3.0,1.0,5.0,3,3.0,no
1123,None,Solo Leisure,Premium Economy,London to San Francisco,2017-10-01 00:00:00,1.0,1.0,1.0,3.0,3.0,1,3.0,no
1124,Boeing 787,Solo Leisure,Business Class,London Heathrow to Seoul Incheon,2017-01-01 00:00:00,3.0,4.0,2.0,3.0,2.0,3,0.0,no
1125,Boeing 787,Solo Leisure,Business Class,Seoul Incheon to London Heathrow,2016-12-01 00:00:00,3.0,3.0,3.0,3.0,4.0,3,0.0,no
1126,Boeing 747,Business,Economy Class,Cape Town to London,2017-11-01 00:00:00,1.0,1.0,1.0,1.0,3.0,3,0.0,no
1127,None,Solo Leisure,Business Class,London Heathrow to Bahrain,2017-11-01 00:00:00,2.0,3.0,3.0,1.0,1.0,3,0.0,no
1128,Boeing 747,Family Leisure,Business Class,London to Philadelphia,2017-10-01 00:00:00,4.0,5.0,2.0,4.0,4.0,4,0.0,yes
1129,Boeing 767,Business,Business Class,London to Edinburgh,2017-11-01 00:00:00,1.0,3.0,3.0,0.0,3.0,1,0.0,no
1130,None,Family Leisure,Economy Class,Oakland to Gatwick,2017-10-01 00:00:00,1.0,1.0,1.0,0.0,1.0,1,0.0,no
1131,A321,Business,Economy Class,Düsseldorf to London ,2017-08-01 00:00:00,3.0,4.0,2.0,3.0,2.0,1,0.0,no
1132,Boeing 787-9,Couple Leisure,Business Class,London to Santiago,2017-11-01 00:00:00,3.0,4.0,3.0,3.0,4.0,3,0.0,yes
1133,Boeing 747-400,Business,Business Class,London to New York JFK,2017-11-01 00:00:00,2.0,3.0,2.0,3.0,3.0,1,1.0,no
1134,None,Couple Leisure,Business Class,Johannesburg to Victoria Falls,2017-10-01 00:00:00,1.0,3.0,3.0,1.0,1.0,1,0.0,no
1135,Boeing 777-200,Couple Leisure,Business Class,London to Mumbai,2017-10-01 00:00:00,3.0,4.0,2.0,1.0,5.0,1,1.0,no
1136,None,Family Leisure,Business Class,London to Johannesburg,2017-10-01 00:00:00,2.0,2.0,0.0,0.0,1.0,1,0.0,no
1137,None,Business,Economy Class,Heathrow to Lyon,2017-11-01 00:00:00,1.0,1.0,1.0,1.0,1.0,1,1.0,no
1138,None,Couple Leisure,Economy Class,London to New York,2017-11-01 00:00:00,1.0,1.0,1.0,4.0,1.0,1,0.0,no
1139,None,Solo Leisure,Economy Class,Kingston to London Gatwick,2017-11-01 00:00:00,1.0,1.0,1.0,1.0,2.0,1,0.0,no
1140,A320,Couple Leisure,Economy Class,Heathrow to Barcelona,2017-11-01 00:00:00,2.0,2.0,0.0,0.0,3.0,2,0.0,no
1141,None,Business,Business Class,Singapore to London,2017-10-01 00:00:00,1.0,3.0,1.0,2.0,2.0,1,0.0,no
1142,None,Couple Leisure,Business Class,London to Rome,2017-10-01 00:00:00,2.0,5.0,5.0,0.0,4.0,3,0.0,yes
1143,None,Solo Leisure,Premium Economy,Heathrow to Dubai,2017-09-01 00:00:00,1.0,1.0,1.0,1.0,1.0,1,1.0,no
1144,Boeing 777,Solo Leisure,Economy Class,Tokyo Haneda to Heathrow,2017-10-01 00:00:00,1.0,2.0,1.0,1.0,2.0,3,1.0,no
1145,Boeing 787-8,Business,Business Class,London to Toronto,2017-10-01 00:00:00,2.0,2.0,1.0,1.0,1.0,2,3.0,no
1146,Boeing 747-400,Business,First Class,New York JFK to London,2017-10-01 00:00:00,3.0,4.0,3.0,4.0,3.0,2,1.0,no
1147,None,Couple Leisure,Economy Class,Gatwick to Marrakech,2017-10-01 00:00:00,1.0,1.0,0.0,0.0,3.0,1,0.0,no
1148,A380,Solo Leisure,Economy Class,Los Angeles to London Heathrow,2017-07-01 00:00:00,4.0,4.0,4.0,4.0,4.0,4,0.0,yes
1149,A320,Solo Leisure,Economy Class,Gatwick to Cagliari,2017-10-01 00:00:00,4.0,4.0,2.0,0.0,4.0,3,0.0,yes
1150,None,Couple Leisure,Business Class,Shanghai to Tampa via Heathrow/Gatwick,2017-10-01 00:00:00,1.0,4.0,2.0,2.0,1.0,1,0.0,no
1151,A320,Couple Leisure,Economy Class,Gatwick to Marrakech,2017-10-01 00:00:00,3.0,1.0,1.0,0.0,4.0,4,0.0,no
1152,None,Solo Leisure,Business Class,Oakland to Heathrow,2017-10-01 00:00:00,4.0,4.0,3.0,2.0,4.0,4,0.0,yes
1153,None,Family Leisure,Economy Class,London to Sofia,2017-09-01 00:00:00,3.0,4.0,1.0,0.0,3.0,3,0.0,no
1154,A380,Solo Leisure,Economy Class,Singapore to Nassau via Heathrow,2017-10-01 00:00:00,3.0,2.0,2.0,2.0,3.0,5,0.0,no
1155,A321,Business,Economy Class,London Heathrow to Madrid,2017-10-01 00:00:00,1.0,2.0,0.0,0.0,2.0,1,0.0,no
1156,A320,Business,Economy Class,London to Zurich,2017-10-01 00:00:00,2.0,2.0,1.0,1.0,2.0,1,1.0,no
1157,A319,Couple Leisure,Economy Class,Bari to Gatwick,2017-10-01 00:00:00,3.0,3.0,1.0,1.0,4.0,4,1.0,yes
1158,A320,Couple Leisure,Economy Class,London Heathrow to Gibraltar,2017-09-01 00:00:00,3.0,2.0,2.0,0.0,3.0,3,0.0,yes
1159,A319,Couple Leisure,Business Class,Pisa to London,2017-10-01 00:00:00,1.0,5.0,3.0,0.0,3.0,1,0.0,no
1160,Boeing 747-400,Business,First Class,Las Vegas to London Heathrow,2017-09-01 00:00:00,1.0,1.0,1.0,1.0,1.0,1,0.0,no
1161,E-190,Family Leisure,Economy Class,London City to Edinburgh,2017-09-01 00:00:00,5.0,4.0,4.0,0.0,4.0,4,0.0,yes
1162,A320,Solo Leisure,Business Class,Faro to Gatwick,2017-10-01 00:00:00,4.0,5.0,4.0,0.0,2.0,3,0.0,yes
1163,A380,Solo Leisure,Economy Class,Los Angeles to London Heathrow,2017-10-01 00:00:00,4.0,1.0,2.0,1.0,5.0,2,1.0,no
1164,None,Business,Economy Class,Malaga to Gatwick,2017-10-01 00:00:00,2.0,1.0,1.0,1.0,1.0,2,1.0,no
1165,Boeing 777,Solo Leisure,Economy Class,London Heathrow to Bangkok,2017-10-01 00:00:00,2.0,2.0,1.0,1.0,2.0,2,0.0,no
1166,A319,Couple Leisure,Economy Class,Gatwick to Bari,2017-10-01 00:00:00,3.0,3.0,1.0,0.0,2.0,4,0.0,yes
1167,A319,Family Leisure,Business Class,Malaga to Gatwick,2017-10-01 00:00:00,5.0,5.0,5.0,0.0,3.0,5,0.0,yes
1168,A319,Family Leisure,Business Class,Gatwick to Malaga,2017-10-01 00:00:00,5.0,5.0,5.0,0.0,4.0,5,0.0,yes
1169,None,Business,Economy Class,London Heathrow to Nice,2017-10-01 00:00:00,1.0,2.0,1.0,0.0,1.0,1,0.0,no
1170,Boeing 747-400,Couple Leisure,Business Class,Gatwick to Orlando,2017-09-01 00:00:00,3.0,2.0,4.0,2.0,3.0,3,0.0,no
1171,None,Solo Leisure,Premium Economy,London to Abu Dhabi,2017-08-01 00:00:00,5.0,3.0,4.0,3.0,1.0,1,0.0,no
1172,A319,Solo Leisure,Business Class,Gatwick to Faro,2017-10-01 00:00:00,3.0,4.0,4.0,0.0,4.0,5,0.0,yes
1173,None,Business,Economy Class,London Heathrow  to Madrid,2017-10-01 00:00:00,3.0,3.0,1.0,1.0,3.0,2,1.0,no
1174,None,Solo Leisure,Economy Class,Geneva to London,2017-09-01 00:00:00,3.0,1.0,0.0,0.0,1.0,1,0.0,no
1175,None,Solo Leisure,Economy Class,Grand Cayman to London,2017-09-01 00:00:00,1.0,2.0,2.0,3.0,3.0,2,1.0,no
1176,None,Couple Leisure,Economy Class,Sydney to Paris via London,2017-09-01 00:00:00,1.0,2.0,2.0,3.0,3.0,1,0.0,no
1177,Boeing 767,Couple Leisure,Economy Class,Larnaca to London Heathrow,2017-10-01 00:00:00,3.0,3.0,0.0,1.0,4.0,3,0.0,yes
1178,A320,Couple Leisure,Business Class,Funchal to Gatwick,2017-10-01 00:00:00,4.0,1.0,1.0,0.0,1.0,3,0.0,no
1179,None,Family Leisure,Economy Class,Orlando to Gatwick,2017-09-01 00:00:00,5.0,5.0,4.0,1.0,5.0,5,0.0,yes
1180,A320,Solo Leisure,Economy Class,Leeds Bradford to Geneva via London Heathrow,2017-10-01 00:00:00,4.0,4.0,2.0,0.0,4.0,2,0.0,yes
1181,A380,Business,Business Class,Los Angeles to Doha via London,2017-10-01 00:00:00,2.0,3.0,1.0,4.0,4.0,3,0.0,no
1182,A321,Couple Leisure,Economy Class,London Heathrow to Istanbul,2017-08-01 00:00:00,2.0,1.0,1.0,0.0,2.0,1,0.0,no
1183,Boeing 777-200 / 787-9 / A319/ 320,Business,Premium Economy,Toronto to Oslo via London,2017-09-01 00:00:00,1.0,3.0,1.0,3.0,4.0,4,0.0,yes
1184,None,Solo Leisure,Economy Class,Gatwick to Malaga,2017-09-01 00:00:00,3.0,4.0,2.0,0.0,4.0,3,0.0,yes
1185,None,Business,Economy Class,Athens to London,2017-09-01 00:00:00,3.0,0.0,0.0,0.0,1.0,3,0.0,no
1186,A321,Solo Leisure,Economy Class,London to Sofia,2017-09-01 00:00:00,3.0,5.0,2.0,0.0,3.0,3,0.0,yes
1187,None,Business,Business Class,Geneva to London,2017-09-01 00:00:00,1.0,1.0,1.0,1.0,1.0,1,1.0,no
1188,None,Couple Leisure,Business Class,Barcelona to London,2017-09-01 00:00:00,2.0,3.0,1.0,0.0,4.0,2,0.0,no
1189,None,Business,Business Class,London to New York JFK,2017-09-01 00:00:00,2.0,3.0,1.0,1.0,1.0,2,1.0,no
1190,Boeing 777,Business,Economy Class,Port of Spain to Gatwick via St. Lucia,2017-09-01 00:00:00,5.0,5.0,5.0,5.0,4.0,4,0.0,yes
1191,Boeing 747-400,Business,First Class,London Heathrow to Chicago ,2017-08-01 00:00:00,1.0,1.0,1.0,1.0,1.0,1,1.0,no
1192,A319,Couple Leisure,Economy Class,Jersey to Gatwick,2017-09-01 00:00:00,3.0,4.0,1.0,0.0,4.0,4,0.0,yes
1193,A320,Couple Leisure,Economy Class,Gatwick to Tirana,2017-09-01 00:00:00,3.0,3.0,0.0,0.0,4.0,3,0.0,no
1194,None,Couple Leisure,Economy Class,Reykjavik to London Heathrow,2017-09-01 00:00:00,3.0,5.0,0.0,0.0,1.0,1,0.0,no
1195,None,Couple Leisure,Economy Class,Kuala Lumpur to Berlin via London,2017-09-01 00:00:00,2.0,5.0,5.0,3.0,4.0,5,0.0,yes
1196,A320,Solo Leisure,Economy Class,Brussels to London ,2017-09-01 00:00:00,5.0,5.0,0.0,0.0,5.0,5,0.0,yes
1197,A321,Solo Leisure,Economy Class,London Heathrow to Sofia,2017-09-01 00:00:00,4.0,4.0,1.0,0.0,3.0,3,0.0,yes
1198,A320,Solo Leisure,Economy Class,Heathrow to Bilbao,2017-09-01 00:00:00,3.0,2.0,0.0,0.0,4.0,3,0.0,no
1199,A320,Couple Leisure,Business Class,Kalamata to London Heathrow,2017-09-01 00:00:00,2.0,2.0,2.0,0.0,3.0,2,0.0,no
1200,None,Business,Economy Class,London Heathrow to Kraków,2017-09-01 00:00:00,2.0,1.0,1.0,1.0,3.0,3,1.0,no
1201,Boeing 777,Business,Economy Class,"London Heathrow to Abuja, Nigeria",2017-09-01 00:00:00,1.0,2.0,2.0,2.0,3.0,2,2.0,no
1202,Boeing 777,Business,Economy Class,London to Tokyo Haneda,2017-09-01 00:00:00,2.0,4.0,1.0,2.0,3.0,1,0.0,no
1203,A380,Solo Leisure,Premium Economy,London to Hong Kong,2017-09-01 00:00:00,3.0,5.0,3.0,3.0,2.0,3,0.0,no
1204,None,Family Leisure,Economy Class,Gatwick to Alicante,2017-09-01 00:00:00,1.0,1.0,1.0,1.0,3.0,1,3.0,no
1205,A320,Couple Leisure,Business Class,London Heathrow to Kalamata,2017-09-01 00:00:00,2.0,4.0,3.0,0.0,3.0,3,0.0,no
1206,None,Couple Leisure,Business Class,Gatwick to Mauritius,2017-09-01 00:00:00,1.0,3.0,1.0,3.0,3.0,2,0.0,no
1207,Boeing 777,Business,Business Class,Dubai to London,2017-09-01 00:00:00,3.0,1.0,1.0,1.0,3.0,1,0.0,no
1208,A319,Couple Leisure,Economy Class,London Heathrow to Biarritz,2017-09-01 00:00:00,4.0,5.0,4.0,0.0,4.0,4,0.0,yes
1209,A320,Couple Leisure,Economy Class,London Gatwick to Funchal,2017-09-01 00:00:00,1.0,1.0,1.0,0.0,2.0,1,0.0,no
1210,A320,Family Leisure,Business Class,Zakinthos to London Heathrow,2017-09-01 00:00:00,4.0,5.0,4.0,2.0,2.0,5,0.0,yes
1211,A319,Business,Economy Class,Belfast City to London Heathrow,2017-09-01 00:00:00,3.0,4.0,4.0,0.0,5.0,2,0.0,yes
1212,Boeing 777-200,Business,Business Class,Toronto to London Heathrow,2017-09-01 00:00:00,4.0,5.0,3.0,0.0,4.0,4,0.0,yes
1213,A320,Family Leisure,Business Class,London Heathrow to Zakinthos,2017-08-01 00:00:00,4.0,5.0,4.0,2.0,5.0,5,0.0,yes
1214,A380,Family Leisure,Economy Class,London to Vancouver,2017-08-01 00:00:00,3.0,5.0,3.0,4.0,4.0,3,0.0,yes
1215,Boeing 777-200ER,Business,Economy Class,London to Sao Paulo,2017-08-01 00:00:00,2.0,4.0,2.0,4.0,5.0,4,0.0,yes
1216,None,Business,Business Class,Istanbul to London,2017-08-01 00:00:00,1.0,3.0,1.0,0.0,2.0,1,0.0,no
1217,Boeing 777,Solo Leisure,Business Class,Bangkok to London,2017-09-01 00:00:00,4.0,1.0,1.0,2.0,4.0,1,0.0,no
1218,None,Solo Leisure,Economy Class,Rome to London,2017-09-01 00:00:00,1.0,2.0,0.0,0.0,1.0,1,0.0,no
1219,Boeing 747-400,Couple Leisure,Business Class,London to Cape Town,2017-08-01 00:00:00,2.0,2.0,2.0,1.0,1.0,2,0.0,no
1220,A319,Business,Economy Class,London to Milan,2017-08-01 00:00:00,3.0,1.0,1.0,0.0,3.0,2,0.0,yes
1221,A321,Business,Economy Class,London Heathrow to Bucharest,2017-08-01 00:00:00,2.0,4.0,2.0,1.0,3.0,2,1.0,no
1222,A321,Couple Leisure,Economy Class,London to Bologna,2017-08-01 00:00:00,4.0,4.0,2.0,1.0,4.0,4,0.0,no
1223,A320,Business,Business Class,London Heathrow to Keflavik,2017-08-01 00:00:00,3.0,5.0,4.0,1.0,4.0,4,1.0,yes
1224,A320,Family Leisure,Economy Class,Larnaca to London Heathrow,2017-08-01 00:00:00,3.0,1.0,2.0,0.0,4.0,2,0.0,no
1225,None,Solo Leisure,Economy Class,San Jose to Gatwick,2017-08-01 00:00:00,4.0,5.0,4.0,3.0,5.0,5,0.0,yes
1226,None,Couple Leisure,Economy Class,London to Keflavik,2017-07-01 00:00:00,1.0,1.0,0.0,0.0,1.0,1,0.0,no
1227,Boeing 777-300,Couple Leisure,Economy Class,Tokyo Haneda to London,2017-08-01 00:00:00,3.0,3.0,1.0,3.0,2.0,2,2.0,no
1228,Boeing 767,Couple Leisure,Economy Class,Rome to London,2017-08-01 00:00:00,1.0,1.0,1.0,1.0,1.0,1,1.0,no
1229,A320-233,Family Leisure,Economy Class,Amsterdam to Gatwick,2017-08-01 00:00:00,3.0,4.0,0.0,0.0,4.0,4,0.0,yes
1230,None,Business,Economy Class,Zurich to London Heathrow,2017-08-01 00:00:00,2.0,2.0,2.0,0.0,2.0,2,0.0,no
1231,Boeing 747-400,Business,First Class,New York to Cape Town via London,2017-08-01 00:00:00,2.0,4.0,2.0,2.0,3.0,2,1.0,no
1232,Boeing 747,Business,Business Class,London to Philadelphia,2017-08-01 00:00:00,3.0,1.0,1.0,1.0,2.0,1,0.0,no
1233,None,Family Leisure,Economy Class,Florence to Bristol,2017-08-01 00:00:00,5.0,5.0,5.0,0.0,5.0,5,0.0,yes
1234,A320,Solo Leisure,Economy Class,Salzburg to Gatwick,2017-08-01 00:00:00,2.0,1.0,1.0,1.0,5.0,2,1.0,no
1235,None,Couple Leisure,Economy Class,Nice to Heathrow,2017-08-01 00:00:00,2.0,1.0,1.0,0.0,1.0,2,0.0,no
1236,A320,Couple Leisure,Business Class,Athens to Newcastle via London,2017-08-01 00:00:00,2.0,5.0,1.0,0.0,5.0,2,0.0,no
1237,A319,Family Leisure,Business Class,London to Paris Orly,2017-08-01 00:00:00,3.0,3.0,2.0,0.0,3.0,3,0.0,no
1238,None,Couple Leisure,Economy Class,Toulouse to London Heathrow,2017-08-01 00:00:00,3.0,2.0,1.0,1.0,2.0,2,1.0,no
1239,Embraer 170,Business,Business Class,London City to Dusseldorf,2017-08-01 00:00:00,4.0,2.0,1.0,0.0,1.0,2,0.0,no
1240,A380,Family Leisure,Business Class,Vancouver to London Heathrow,2017-07-01 00:00:00,1.0,4.0,1.0,2.0,2.0,1,0.0,no
1241,Boeing 747-400 / A380,Solo Leisure,Premium Economy,Johannesburg to London,2017-08-01 00:00:00,5.0,5.0,5.0,5.0,4.0,4,3.0,yes
1242,Boeing 747-400,Solo Leisure,Business Class,Oslo to Philadelphia via London,2017-08-01 00:00:00,2.0,2.0,1.0,3.0,3.0,2,0.0,no
1243,None,Business,Economy Class,London to Warsaw,2017-08-01 00:00:00,2.0,3.0,1.0,1.0,3.0,1,0.0,no
1244,A320,Family Leisure,Business Class,Athens to London,2017-08-01 00:00:00,1.0,2.0,1.0,1.0,3.0,1,1.0,no
1245,None,Solo Leisure,Economy Class,Cairo to Montreal via London,2017-08-01 00:00:00,3.0,4.0,4.0,3.0,1.0,1,1.0,no
1246,None,Family Leisure,Economy Class,London to Chicago,2017-08-01 00:00:00,1.0,5.0,0.0,0.0,1.0,1,0.0,no
1247,Boeing 767,Business,Economy Class,Nice to London Heathrow,2017-08-01 00:00:00,1.0,1.0,1.0,0.0,1.0,1,0.0,no
1248,None,Business,Premium Economy,London to Doha,2017-08-01 00:00:00,0.0,0.0,0.0,0.0,2.0,1,0.0,no
1249,A320,Business,Business Class,Paris CDG to London,2017-08-01 00:00:00,3.0,1.0,0.0,0.0,1.0,1,0.0,no
1250,A320,Solo Leisure,Economy Class,Gatwick to Paphos,2017-08-01 00:00:00,1.0,1.0,1.0,1.0,2.0,2,1.0,no
1251,A380,Solo Leisure,Economy Class,Vancouver to London Heathrow,2017-08-01 00:00:00,3.0,1.0,1.0,2.0,4.0,2,0.0,no
1252,A380,Solo Leisure,Premium Economy,Vancouver to London,2017-07-01 00:00:00,2.0,1.0,1.0,1.0,3.0,3,0.0,no
1253,Boeing 767,Couple Leisure,Economy Class,Athens to London ,2017-06-01 00:00:00,1.0,2.0,0.0,0.0,2.0,1,0.0,no
1254,None,Couple Leisure,Economy Class,Catania to Gatwick,2017-06-01 00:00:00,2.0,1.0,1.0,0.0,1.0,1,0.0,no
1255,A319,Couple Leisure,Economy Class,Venice to Gatwick,2017-07-01 00:00:00,3.0,4.0,0.0,0.0,3.0,3,0.0,no
1256,None,Family Leisure,Economy Class,Bucharest to London,2017-07-01 00:00:00,3.0,2.0,0.0,0.0,1.0,1,0.0,no
1257,Boeing 747,Business,Business Class,London Heathrow to Accra,2017-07-01 00:00:00,1.0,2.0,1.0,1.0,1.0,1,0.0,no
1258,Boeing 777,Family Leisure,Economy Class,Gatwick to Orlando ,2017-07-01 00:00:00,4.0,3.0,2.0,3.0,1.0,3,0.0,no
1259,Boeing 777,Solo Leisure,Business Class,San Diego to London,2017-07-01 00:00:00,1.0,2.0,2.0,2.0,2.0,1,1.0,no
1260,A319,Couple Leisure,Business Class,Pisa to London Gatwick,2017-07-01 00:00:00,3.0,4.0,3.0,0.0,3.0,5,0.0,yes
1261,None,Business,Economy Class,Budapest to London,2017-07-01 00:00:00,1.0,1.0,1.0,1.0,1.0,1,1.0,no
1262,None,Solo Leisure,Economy Class,Bangkok to Manchester,2016-08-01 00:00:00,0.0,0.0,0.0,0.0,1.0,3,0.0,no
1263,None,Solo Leisure,Economy Class,Singapore to Newcastle via London,2017-05-01 00:00:00,1.0,3.0,1.0,1.0,1.0,1,0.0,no
1264,None,Business,Economy Class,Bergen to London Heathrow,2017-07-01 00:00:00,2.0,2.0,1.0,2.0,2.0,1,1.0,no
1265,Boeing 777-300,Family Leisure,Economy Class,Newcastle to Boston via London,2017-07-01 00:00:00,5.0,5.0,5.0,5.0,4.0,4,0.0,yes
1266,A321,Family Leisure,Economy Class,London Heathrow to Sofia,2017-07-01 00:00:00,2.0,1.0,1.0,0.0,1.0,1,0.0,no
1267,A320,Solo Leisure,Economy Class,London to Frankfurt,2016-08-01 00:00:00,3.0,1.0,1.0,0.0,2.0,2,0.0,no
1268,A321,Couple Leisure,Economy Class,London Heathrow to Bologna,2017-07-01 00:00:00,3.0,4.0,3.0,0.0,4.0,5,0.0,yes
1269,Boeing 747,Couple Leisure,Economy Class,London Heathrow to New York JFK,2017-07-01 00:00:00,2.0,1.0,1.0,3.0,2.0,1,0.0,no
1270,None,Business,Economy Class,London Heathrow to Berlin,2017-07-01 00:00:00,1.0,1.0,1.0,0.0,1.0,1,0.0,no
1271,A321 / Boeing 777,Couple Leisure,Business Class,Barcelona to Boston via London,2017-07-01 00:00:00,2.0,5.0,4.0,0.0,3.0,1,1.0,no
1272,A321,Solo Leisure,Economy Class,London to Madrid,2017-07-01 00:00:00,2.0,3.0,1.0,1.0,3.0,4,1.0,no
1273,A319,Business,Economy Class,London to Brussels ,2017-07-01 00:00:00,2.0,2.0,0.0,0.0,2.0,2,0.0,no
1274,Boeing 747 400,Business,Business Class,London Heathrow to Accra,2017-07-01 00:00:00,1.0,3.0,1.0,1.0,1.0,1,0.0,no
1275,None,Business,Economy Class,Krakow to London,2017-05-01 00:00:00,3.0,1.0,1.0,0.0,2.0,2,0.0,no
1276,Boeing 777-200,Family Leisure,Economy Class,Gatwick to Bridgetown,2017-07-01 00:00:00,4.0,4.0,4.0,4.0,4.0,4,0.0,yes
1277,Boeing 777,Business,Business Class,Dubai to London,2017-07-01 00:00:00,4.0,2.0,2.0,1.0,1.0,2,0.0,no
1278,A321,Couple Leisure,Economy Class,London to Sofia,2017-06-01 00:00:00,1.0,1.0,1.0,0.0,3.0,1,0.0,no
1279,Boeing 777-200,Family Leisure,Business Class,Mauritius to Gatwick,2017-07-01 00:00:00,3.0,3.0,3.0,3.0,3.0,3,0.0,yes
1280,Boeing 747,Business,Business Class,New York JFK to London Heathrow,2017-07-01 00:00:00,1.0,1.0,1.0,1.0,2.0,1,0.0,no
1281,A320,Business,Economy Class,Athens to London Heathrow,2017-07-01 00:00:00,3.0,2.0,1.0,1.0,3.0,3,0.0,yes
1282,None,Couple Leisure,Economy Class,Venice to Gatwick,2017-07-01 00:00:00,3.0,1.0,0.0,0.0,1.0,1,0.0,no
1283,None,Couple Leisure,Economy Class,New York JFK to Manchester via Heathrow,2017-02-01 00:00:00,1.0,2.0,2.0,3.0,1.0,2,0.0,no
1284,Boeing 747-400,Solo Leisure,Economy Class,London to Boston,2017-04-01 00:00:00,4.0,5.0,5.0,4.0,4.0,5,0.0,yes
1285,None,Couple Leisure,Business Class,Naples to Gatwick,2017-07-01 00:00:00,4.0,3.0,4.0,0.0,3.0,2,0.0,no
1286,Boeing 777,Business,Business Class,Toronto to London Heathrow,2017-06-01 00:00:00,1.0,4.0,1.0,2.0,3.0,1,0.0,no
1287,None,Solo Leisure,Economy Class,London to Montreal,2017-06-01 00:00:00,2.0,2.0,1.0,1.0,3.0,2,0.0,no
1288,A320,Couple Leisure,Business Class,Newcastle to Geneva via London,2017-07-01 00:00:00,4.0,5.0,4.0,0.0,3.0,4,0.0,yes
1289,A320,Couple Leisure,Economy Class,London to Keflavik,2017-06-01 00:00:00,4.0,5.0,5.0,0.0,5.0,4,0.0,yes
1290,Boeing 777,Solo Leisure,Economy Class,London to Tokyo,2017-07-01 00:00:00,4.0,5.0,5.0,4.0,5.0,5,0.0,yes
1291,Boeing 777,Couple Leisure,Economy Class,Gatwick to Mauritius,2017-06-01 00:00:00,1.0,3.0,1.0,4.0,3.0,3,0.0,no
1292,Boeing 777 / A320,Couple Leisure,Premium Economy,Boston to Barcelona via London,2017-07-01 00:00:00,1.0,1.0,0.0,2.0,2.0,2,0.0,no
1293,Boeing 777-200,Family Leisure,Business Class,Gatwick to Mauritius ,2017-07-01 00:00:00,3.0,3.0,3.0,2.0,4.0,3,0.0,yes
1294,Boeing 767,Family Leisure,Economy Class,London Heathrow to Larnaca,2017-06-01 00:00:00,2.0,1.0,1.0,1.0,4.0,3,1.0,no
1295,None,Business,Premium Economy,London to Hong Kong,2017-06-01 00:00:00,2.0,2.0,2.0,2.0,3.0,2,0.0,no
1296,None,Solo Leisure,Economy Class,Belfast to Munich via Heathrow,2017-07-01 00:00:00,3.0,4.0,0.0,0.0,1.0,1,0.0,no
1297,A320,Couple Leisure,Economy Class,London Heathrow to Tallinn,2017-07-01 00:00:00,4.0,5.0,4.0,0.0,3.0,4,0.0,yes
1298,None,Couple Leisure,Economy Class,London to Barcelona,2017-07-01 00:00:00,3.0,2.0,1.0,1.0,1.0,1,1.0,no
1299,None,Solo Leisure,Economy Class,Dubrovnik to Gatwick,2017-06-01 00:00:00,1.0,1.0,1.0,0.0,1.0,1,0.0,no
1300,Boeing 767,Couple Leisure,Economy Class,Stockholm to London Heathrow,2017-07-01 00:00:00,2.0,3.0,0.0,0.0,1.0,2,0.0,no
1301,None,Solo Leisure,Economy Class,London to Dubrovnik,2017-06-01 00:00:00,1.0,1.0,1.0,0.0,1.0,1,0.0,no
1302,Boeing 747-400,Business,Business Class,Accra to London Heathrow,2017-07-01 00:00:00,1.0,1.0,1.0,1.0,2.0,1,0.0,no
1303,A321,Couple Leisure,Economy Class,London Heathrow to Stockholm,2017-06-01 00:00:00,2.0,3.0,0.0,0.0,3.0,3,0.0,no
1304,None,Couple Leisure,Economy Class,Malta to Gatwick,2017-05-01 00:00:00,3.0,1.0,1.0,0.0,4.0,2,0.0,yes
1305,None,Couple Leisure,Economy Class,London to Zagreb,2017-06-01 00:00:00,0.0,0.0,0.0,0.0,1.0,1,0.0,no
1306,None,Couple Leisure,Economy Class,Manchester to Philadelphia,2017-06-01 00:00:00,2.0,1.0,1.0,2.0,2.0,1,0.0,no
1307,Boeing 787-9,Couple Leisure,First Class,Kuala Lumpur to London,2017-06-01 00:00:00,5.0,5.0,5.0,5.0,5.0,5,0.0,yes
1308,None,Business,Economy Class,Frankfurt to London Heathrow,2017-06-01 00:00:00,2.0,2.0,0.0,0.0,1.0,1,0.0,no
1309,Boeing 747,Business,Business Class,Heathrow to Accra,2017-06-01 00:00:00,1.0,2.0,1.0,1.0,1.0,1,0.0,no
1310,None,Couple Leisure,Business Class,London Heathrow to Seattle,2017-06-01 00:00:00,0.0,0.0,0.0,0.0,1.0,3,0.0,no
1311,A320,Solo Leisure,Economy Class,Mykonos to London,2017-06-01 00:00:00,3.0,1.0,1.0,0.0,3.0,1,0.0,no
1312,None,Couple Leisure,Economy Class,Zurich to London Heathrow,2017-06-01 00:00:00,1.0,1.0,1.0,0.0,4.0,1,0.0,no
1313,Boeing 767,Couple Leisure,Economy Class,Rome to Heathrow,2017-06-01 00:00:00,2.0,2.0,1.0,0.0,1.0,1,0.0,no
1314,Boeing 787,Couple Leisure,Business Class,Chennai to London,2016-11-01 00:00:00,2.0,2.0,3.0,4.0,2.0,2,0.0,no
1315,A321,Couple Leisure,Business Class,London Gatwick to Genoa,2017-06-01 00:00:00,1.0,4.0,1.0,0.0,4.0,2,0.0,no
1316,Boeing 777,Business,Business Class,Beijing to London Heathrow,2017-06-01 00:00:00,1.0,2.0,1.0,1.0,2.0,2,0.0,no
1317,None,Couple Leisure,Economy Class,Corfu to London,2017-06-01 00:00:00,4.0,1.0,1.0,0.0,3.0,1,0.0,no
1318,None,Couple Leisure,Economy Class,Heathrow to Santorini,2017-05-01 00:00:00,1.0,1.0,0.0,0.0,1.0,1,0.0,no
1319,A319 / A380 / Boeing 737,Couple Leisure,Premium Economy,Leeds to Durban via London / Johannesburg,2017-06-01 00:00:00,4.0,4.0,4.0,4.0,4.0,4,0.0,yes
1320,None,Solo Leisure,Economy Class,London Heathrow to Dublin,2017-06-01 00:00:00,5.0,5.0,3.0,0.0,1.0,2,0.0,yes
1321,None,Business,Premium Economy,Bangkok to Luxembourg via London,2017-06-01 00:00:00,1.0,3.0,3.0,1.0,1.0,3,0.0,no
1322,A319,Business,Economy Class,London Heathrow to Paris Orly,2017-06-01 00:00:00,2.0,2.0,0.0,0.0,1.0,1,0.0,no
1323,None,Solo Leisure,Premium Economy,New York JFK to Copenhagen via Heathrow,2017-06-01 00:00:00,1.0,2.0,1.0,2.0,1.0,1,0.0,no
1324,None,Business,Economy Class,London to Hamburg,2017-05-01 00:00:00,1.0,1.0,1.0,1.0,1.0,1,0.0,no
1325,A380-800,Solo Leisure,Premium Economy,Singapore to London Heathrow,2017-06-01 00:00:00,3.0,2.0,2.0,4.0,4.0,1,0.0,no
1326,None,Business,Business Class,Singapore to London,2017-06-01 00:00:00,1.0,1.0,1.0,2.0,1.0,1,0.0,no
1327,Boeing 777-200,Solo Leisure,Premium Economy,Toronto to London,2017-05-01 00:00:00,3.0,3.0,3.0,2.0,5.0,3,0.0,no
1328,A320,Business,Economy Class,Dublin to Marseille via London,2017-06-01 00:00:00,1.0,1.0,1.0,1.0,1.0,1,1.0,no
1329,A380,Business,Premium Economy,Johannesburg to London,2017-06-01 00:00:00,4.0,1.0,1.0,5.0,4.0,2,0.0,no
1330,A319,Couple Leisure,Business Class,Valencia to London Gatwick,2017-06-01 00:00:00,4.0,5.0,3.0,0.0,1.0,4,0.0,no
1331,A320 / Boeing 767,Business,Business Class,London to Edinburgh,2017-06-01 00:00:00,2.0,2.0,1.0,0.0,3.0,2,0.0,no
1332,A319,Couple Leisure,Business Class,London Gatwick to Valencia,2017-06-01 00:00:00,4.0,5.0,4.0,0.0,4.0,4,0.0,yes
1333,None,Solo Leisure,Economy Class,Brussels to Rome via London,2017-06-01 00:00:00,2.0,1.0,0.0,0.0,3.0,4,0.0,yes
1334,Boeing 777-200,Couple Leisure,Premium Economy,Antigua to Gatwick,2017-06-01 00:00:00,1.0,1.0,1.0,1.0,1.0,1,0.0,yes
1335,Boeing 767,Solo Leisure,Business Class,London Heathrow to Madrid,2017-06-01 00:00:00,2.0,1.0,1.0,0.0,4.0,2,0.0,no
1336,A319,Family Leisure,Business Class,Gatwick to Alicante,2017-06-01 00:00:00,3.0,5.0,4.0,0.0,5.0,5,0.0,yes
1337,Boeing 777-200,Couple Leisure,Economy Class,Gatwick to Antigua,2017-06-01 00:00:00,1.0,2.0,1.0,1.0,2.0,2,0.0,no
1338,E190,Business,Business Class,London City to Milan,2017-06-01 00:00:00,2.0,4.0,1.0,1.0,2.0,1,0.0,no
1339,Boeing 747 & A319,Couple Leisure,Premium Economy,Boston to Geneva via Heathrow,2017-06-01 00:00:00,2.0,4.0,2.0,3.0,1.0,2,0.0,no
1340,A320,Couple Leisure,Economy Class,Gatwick to Bordeaux,2017-01-01 00:00:00,1.0,2.0,1.0,0.0,1.0,1,0.0,yes
1341,Boeing 747-400,Business,Premium Economy,London to Boston,2017-06-01 00:00:00,1.0,3.0,1.0,1.0,1.0,1,1.0,no
1342,A320,Family Leisure,Economy Class,Istanbul to London,2017-05-01 00:00:00,1.0,2.0,2.0,0.0,3.0,3,0.0,no
1343,None,Business,Business Class,London to Mumbai,2017-06-01 00:00:00,0.0,0.0,0.0,0.0,1.0,1,0.0,no
1344,None,Business,Business Class,Dusseldorf to London City,2017-06-01 00:00:00,1.0,1.0,0.0,0.0,2.0,1,0.0,no
1345,A380,Couple Leisure,Premium Economy,London Heathrow to Sydney via Singapore,2017-04-01 00:00:00,2.0,2.0,2.0,3.0,2.0,1,0.0,no
1346,Boeing 777-300,Solo Leisure,Premium Economy,London Heathrow to Hong Kong,2017-06-01 00:00:00,4.0,4.0,4.0,4.0,5.0,2,0.0,yes
1347,Boeing 747,Family Leisure,First Class,London to Dubai,2017-05-01 00:00:00,3.0,5.0,2.0,2.0,1.0,1,0.0,no
1348,A380,Business,Business Class,London to Vancouver,2017-06-01 00:00:00,2.0,1.0,1.0,3.0,4.0,1,0.0,no
1349,Boeing 787-9,Couple Leisure,Premium Economy,Tokyo to London Heathrow,2017-06-01 00:00:00,3.0,1.0,1.0,4.0,3.0,2,0.0,no
1350,Boeing 747,Family Leisure,Economy Class,Heathrow to Miami,2017-06-01 00:00:00,1.0,2.0,1.0,1.0,3.0,2,0.0,no
1351,A19,Couple Leisure,Economy Class,London Heathrow to Brussels,2017-06-01 00:00:00,4.0,4.0,0.0,0.0,5.0,4,0.0,yes
1352,None,Business,Economy Class,London Heathrow to Lisbon,2017-06-01 00:00:00,2.0,3.0,1.0,0.0,1.0,1,0.0,no
1353,Boeing 777,Couple Leisure,Business Class,Lima to London Gatwick,2017-05-01 00:00:00,3.0,1.0,2.0,2.0,3.0,1,0.0,no
1354,A380-800,Couple Leisure,Economy Class,London to Johannesburg,2017-06-01 00:00:00,1.0,1.0,2.0,5.0,1.0,1,0.0,no
1355,Boeing 747-400 / A320,Solo Leisure,Premium Economy,Washington to Sofia via London,2017-05-01 00:00:00,5.0,5.0,5.0,0.0,5.0,5,0.0,yes
1356,None,Couple Leisure,Economy Class,Edinburgh to Rome via Heathrow,2017-06-01 00:00:00,2.0,1.0,0.0,0.0,1.0,1,0.0,no
1357,Boeing 767,Couple Leisure,Business Class,Rome to London Heathrow,2017-05-01 00:00:00,1.0,1.0,1.0,0.0,1.0,1,0.0,no
1358,None,Business,Economy Class,Tampa to Tirana via Gatwick,2017-04-01 00:00:00,2.0,3.0,1.0,1.0,3.0,2,1.0,no
1359,Boeing 747-400,Business,Business Class,Chicago to London Heathrow,2017-05-01 00:00:00,1.0,1.0,1.0,4.0,1.0,1,1.0,no
1360,A321,Couple Leisure,Economy Class,Gatwick to Funchal,2017-05-01 00:00:00,1.0,2.0,0.0,0.0,3.0,1,0.0,no
1361,Boeing 787-9,Couple Leisure,First Class,London Heathrow to Tokyo Narita,2017-05-01 00:00:00,4.0,2.0,1.0,3.0,5.0,1,0.0,no
1362,A320,Couple Leisure,Business Class,Luxembourg to London,2017-05-01 00:00:00,2.0,3.0,1.0,1.0,3.0,2,1.0,no
1363,None,Business,Premium Economy,Geneva to Dallas via Heathrow,2017-05-01 00:00:00,2.0,3.0,0.0,0.0,1.0,1,0.0,no
1364,A319,Family Leisure,Economy Class,Heathrow to Bergen,2017-05-01 00:00:00,3.0,2.0,1.0,1.0,2.0,1,1.0,no
1365,Boeing 787-8,Business,Business Class,Seoul to London,2017-05-01 00:00:00,4.0,5.0,4.0,3.0,3.0,3,0.0,no
1366,None,Business,Business Class,Los Angeles to London,2017-05-01 00:00:00,3.0,1.0,2.0,4.0,3.0,3,1.0,no
1367,None,Solo Leisure,Economy Class,London Heathrow to Geneva,2017-05-01 00:00:00,2.0,5.0,0.0,0.0,1.0,1,0.0,no
1368,Boeing 777,Couple Leisure,Business Class,Gatwick to Lima,2017-04-01 00:00:00,4.0,4.0,4.0,2.0,3.0,4,0.0,yes
1369,A320,Business,Business Class,London Heathrow to Santorini,2017-05-01 00:00:00,1.0,2.0,1.0,0.0,2.0,1,0.0,no
1370,A320,Solo Leisure,Economy Class,London Heathrow to Bilbao,2017-04-01 00:00:00,3.0,3.0,0.0,0.0,4.0,2,0.0,no
1371,None,Couple Leisure,Economy Class,Madeira to Gatwick,2017-05-01 00:00:00,3.0,2.0,1.0,0.0,3.0,2,0.0,no
1372,None,Business,Economy Class,Edinburgh to Gatwick,2017-04-01 00:00:00,3.0,2.0,0.0,0.0,3.0,3,0.0,no
1373,None,Family Leisure,Economy Class,Rome to London,2017-05-01 00:00:00,1.0,1.0,0.0,0.0,1.0,1,0.0,no
1374,Boeing 787-9,Solo Leisure,Economy Class,Kuala Lumpur to London,2017-05-01 00:00:00,4.0,1.0,1.0,5.0,5.0,4,0.0,yes
1375,Boeing 787,Solo Leisure,Economy Class,London to Kuala Lumpur,2017-05-01 00:00:00,4.0,5.0,5.0,5.0,5.0,5,0.0,yes
1376,Boeing 747-400,Business,Business Class,London Heathrow to Miami,2017-05-01 00:00:00,2.0,4.0,1.0,1.0,1.0,1,0.0,no
1377,A321 / Boeing 777,Solo Leisure,Economy Class,Moscow to Houston via London,2017-05-01 00:00:00,3.0,3.0,3.0,3.0,3.0,4,0.0,yes
1378,A319,Business,Economy Class,London to Brussels,2017-04-01 00:00:00,3.0,4.0,0.0,1.0,4.0,2,1.0,no
1379,None,Solo Leisure,Economy Class,London Heathrow to Las Vegas,2017-04-01 00:00:00,1.0,1.0,3.0,3.0,3.0,1,0.0,no
1380,Boeing 747,Couple Leisure,Economy Class,London to San Francisco,2017-05-01 00:00:00,4.0,5.0,5.0,4.0,4.0,4,0.0,yes
1381,None,Family Leisure,Economy Class,London to Reykjavik,2016-12-01 00:00:00,0.0,0.0,0.0,0.0,1.0,1,0.0,no
1382,A321 / Boeing 777-300,Couple Leisure,Economy Class,Amsterdam to Tokyo via London,2017-04-01 00:00:00,4.0,5.0,4.0,4.0,3.0,4,0.0,yes
1383,Boeing 777-200,Couple Leisure,Business Class,Antigua to Gatwick,2017-05-01 00:00:00,3.0,2.0,2.0,2.0,4.0,3,0.0,no
1384,None,Business,Economy Class,London to Amsterdam,2017-05-01 00:00:00,4.0,4.0,4.0,0.0,1.0,3,0.0,no
1385,Boeing 777-200,Family Leisure,Economy Class,Orlando to Gatwick,2017-05-01 00:00:00,5.0,5.0,5.0,3.0,5.0,5,0.0,yes
1386,None,Business,Economy Class,London to Hong Kong,2017-04-01 00:00:00,0.0,0.0,0.0,0.0,1.0,1,0.0,no
1387,Boeing 777,Solo Leisure,Premium Economy,London to Toronto,2017-05-01 00:00:00,4.0,5.0,4.0,0.0,4.0,4,0.0,yes
1388,None,Business,Business Class,Mexico City to Copenhagen via London,2017-05-01 00:00:00,3.0,2.0,2.0,1.0,4.0,5,0.0,yes
1389,Boeing 787,Business,Business Class,London to Santiago de Chile,2017-05-01 00:00:00,3.0,4.0,2.0,4.0,3.0,3,0.0,no
1390,A320,Business,Economy Class,Gatwick to Amsterdam,2017-02-01 00:00:00,3.0,5.0,3.0,0.0,1.0,2,0.0,no
1391,Boeing 767,Couple Leisure,Economy Class,London Heathrow to Nice,2017-04-01 00:00:00,1.0,2.0,1.0,0.0,4.0,1,0.0,no
1392,None,Solo Leisure,Economy Class,Athens to London,2017-05-01 00:00:00,3.0,3.0,1.0,2.0,3.0,2,0.0,no
1393,Boeing 747-400,Couple Leisure,Economy Class,London to Cape Town,2017-04-01 00:00:00,1.0,1.0,1.0,3.0,4.0,1,0.0,no
1394,A320,Couple Leisure,Business Class,LHR to TXL,2017-05-01 00:00:00,4.0,5.0,5.0,0.0,5.0,5,0.0,yes
1395,Boeing 777,Couple Leisure,Premium Economy,Rio de Janeiro to London,2017-05-01 00:00:00,1.0,1.0,1.0,1.0,1.0,1,0.0,no
1396,A320,Business,Economy Class,London to Edinburgh,2017-05-01 00:00:00,2.0,1.0,0.0,0.0,1.0,1,0.0,no
1397,None,Couple Leisure,Economy Class,New York JFK to London,2017-05-01 00:00:00,1.0,1.0,1.0,0.0,1.0,1,0.0,no
1398,Boeing 777-300,Couple Leisure,Business Class,Gatwick to Antigua,2017-04-01 00:00:00,4.0,4.0,3.0,1.0,4.0,4,0.0,yes
1399,A320,Business,Business Class,Berlin Tegel to London,2017-05-01 00:00:00,3.0,5.0,3.0,2.0,4.0,4,1.0,yes
1400,Embraer,Solo Leisure,Economy Class,London City to Bergerac,2017-05-01 00:00:00,3.0,4.0,3.0,0.0,3.0,4,0.0,no
1401,None,Business,Economy Class,"Manchester, UK to Billund, Denmark",2017-05-01 00:00:00,5.0,5.0,5.0,3.0,5.0,5,0.0,yes
1402,Boeing 777 200/300,Business,Premium Economy,London Heathrow to Bangkok,2017-04-01 00:00:00,2.0,1.0,1.0,2.0,3.0,2,0.0,no
1403,None,Business,Business Class,Funchal to Edinburgh via Heathrow,2017-04-01 00:00:00,2.0,1.0,1.0,0.0,1.0,3,0.0,no
1404,A380 and Boeing 747,Couple Leisure,First Class,London Heathrow to Miami,2017-04-01 00:00:00,4.0,5.0,3.0,4.0,5.0,5,0.0,no
1405,A380,Business,Economy Class,Singapore to London Heathrow,2017-05-01 00:00:00,3.0,4.0,3.0,4.0,5.0,4,0.0,yes
1406,A320,Solo Leisure,Economy Class,Nice to London Heathrow,2017-03-01 00:00:00,1.0,1.0,1.0,0.0,1.0,1,0.0,no
1407,None,Family Leisure,Economy Class,London to Male,2017-03-01 00:00:00,1.0,2.0,0.0,0.0,1.0,1,0.0,no
1408,None,Solo Leisure,Economy Class,Rome to London Heathrow,2017-05-01 00:00:00,1.0,1.0,0.0,0.0,1.0,1,0.0,no
1409,A320,Family Leisure,Economy Class,Keflavik to London ,2017-04-01 00:00:00,1.0,1.0,0.0,1.0,1.0,1,0.0,no
1410,Boeing 747-400,Couple Leisure,Premium Economy,Glasgow to Chicago via Heathrow,2017-04-01 00:00:00,1.0,3.0,2.0,1.0,3.0,1,0.0,no
1411,Boeing 777 200,Business,Business Class,Bahrain to Dublin via london,2017-05-01 00:00:00,0.0,0.0,0.0,0.0,1.0,1,0.0,no
1412,A319,Solo Leisure,Economy Class,London to Edinburgh,2017-05-01 00:00:00,3.0,1.0,1.0,0.0,4.0,1,0.0,no
1413,A320,Solo Leisure,Economy Class,London Heathrow to Vienna,2017-04-01 00:00:00,2.0,1.0,1.0,0.0,4.0,1,0.0,no
1414,Boeing 777,Couple Leisure,Economy Class,Hong Kong to London Heathrow,2017-05-01 00:00:00,3.0,3.0,2.0,3.0,5.0,3,0.0,yes
1415,A320,Couple Leisure,Economy Class,London Heathrow to Budapest,2017-04-01 00:00:00,4.0,1.0,1.0,0.0,3.0,2,0.0,no
1416,Boeing 767,Solo Leisure,Economy Class,Zürich to London,2017-04-01 00:00:00,4.0,5.0,0.0,0.0,4.0,4,0.0,yes
1417,None,Solo Leisure,Business Class,Dublin to London,2016-08-01 00:00:00,1.0,3.0,1.0,0.0,2.0,1,0.0,no
1418,Boeing 777-200,Family Leisure,Economy Class,London Gatwick to Orlando,2017-04-01 00:00:00,5.0,5.0,4.0,4.0,5.0,5,0.0,yes
1419,A321,Couple Leisure,Economy Class,Aberdeen to London,2017-04-01 00:00:00,3.0,2.0,1.0,0.0,3.0,1,0.0,no
1420,None,Business,Premium Economy,London to Toronto,2017-04-01 00:00:00,3.0,2.0,1.0,2.0,1.0,1,0.0,no
1421,A380,Family Leisure,Economy Class,London to Boston,2017-04-01 00:00:00,5.0,5.0,5.0,5.0,4.0,4,0.0,yes
1422,Boeing 787-8,Couple Leisure,First Class,Newark to London Heathrow,2017-04-01 00:00:00,3.0,4.0,1.0,2.0,3.0,3,0.0,no
1423,Boeing 777-200,Couple Leisure,First Class,London to Newark,2017-04-01 00:00:00,3.0,4.0,2.0,2.0,4.0,2,0.0,no
1424,A320,Couple Leisure,Business Class,Pisa to Gatwick,2017-04-01 00:00:00,2.0,4.0,4.0,0.0,2.0,2,0.0,no
1425,A380-800,Couple Leisure,Economy Class,Heathrow to San Francisco,2017-02-01 00:00:00,4.0,5.0,5.0,5.0,5.0,5,0.0,yes
1426,None,Couple Leisure,Economy Class,Berlin to London,2017-04-01 00:00:00,3.0,1.0,1.0,0.0,2.0,2,0.0,no
1427,A319,Couple Leisure,Business Class,Gatwick to Pisa,2017-04-01 00:00:00,2.0,4.0,1.0,0.0,4.0,2,0.0,no
1428,None,Family Leisure,Economy Class,London Heathrow to Phoenix,2017-04-01 00:00:00,4.0,3.0,1.0,1.0,3.0,1,0.0,no
1429,Boeing 777,Couple Leisure,Business Class,St Lucia to Gatwick,2017-04-01 00:00:00,5.0,5.0,5.0,5.0,5.0,4,0.0,yes
1430,None,Couple Leisure,Business Class,London Heathrow to Bangkok,2017-04-01 00:00:00,4.0,4.0,4.0,3.0,3.0,4,3.0,yes
1431,A380,Couple Leisure,Economy Class,Singapore to London Heathrow,2017-04-01 00:00:00,4.0,3.0,2.0,3.0,4.0,3,0.0,no
1432,None,Business,Economy Class,London to Stockholm Arlanda,2017-04-01 00:00:00,2.0,3.0,1.0,0.0,2.0,2,0.0,no
1433,Boeing 777,Solo Leisure,Economy Class,Bangkok to London Heathrow,2017-03-01 00:00:00,3.0,3.0,1.0,1.0,2.0,1,1.0,no
1434,None,Solo Leisure,Economy Class,Istanbul to London,2017-04-01 00:00:00,1.0,1.0,1.0,1.0,1.0,1,1.0,no
1435,Boeing 787-8,Business,Economy Class,London to Seoul,2017-03-01 00:00:00,1.0,4.0,2.0,3.0,4.0,2,0.0,no
1436,None,Business,Economy Class,Paris to London Heathrow,2017-04-01 00:00:00,1.0,1.0,1.0,1.0,1.0,1,0.0,no
1437,A380,Couple Leisure,Premium Economy,Heathrow to San Francisco,2017-04-01 00:00:00,5.0,5.0,5.0,4.0,3.0,5,0.0,yes
1438,Boeing 777-300,Business,Business Class,Buenos Aires to London,2017-04-01 00:00:00,2.0,4.0,3.0,3.0,4.0,3,0.0,no
1439,A319,Couple Leisure,Business Class,Gatwick to Pisa,2017-04-01 00:00:00,2.0,5.0,1.0,0.0,5.0,3,0.0,no
1440,None,Solo Leisure,Economy Class,London to Dubai,2017-04-01 00:00:00,1.0,1.0,3.0,3.0,3.0,3,0.0,no
1441,A319,Business,Economy Class,Stuttgart to London,2017-04-01 00:00:00,2.0,1.0,1.0,0.0,1.0,1,0.0,no
1442,A319,Family Leisure,Business Class,Nice to Gatwick,2017-03-01 00:00:00,2.0,4.0,1.0,0.0,3.0,1,0.0,no
1443,Boeing 777-200ER,Solo Leisure,Business Class,London LGW to Lima,2017-04-01 00:00:00,5.0,5.0,4.0,3.0,5.0,4,0.0,yes
1444,Boeing 777,Solo Leisure,Business Class,Punta Cana to Gatwick,2017-04-01 00:00:00,1.0,1.0,1.0,1.0,4.0,2,0.0,no
1445,Boeing 777-200 / 747-400,Family Leisure,Economy Class,London to Washington,2017-04-01 00:00:00,3.0,4.0,1.0,3.0,3.0,3,1.0,no
1446,Boeing 747-400,Family Leisure,Economy Class,London to New York JFK,2017-04-01 00:00:00,5.0,4.0,1.0,4.0,4.0,4,0.0,yes
1447,A320,Solo Leisure,Economy Class,Malaga to Gatwick,2017-04-01 00:00:00,2.0,1.0,2.0,0.0,5.0,1,0.0,no
1448,Boeing 747-400,Couple Leisure,Economy Class,Stavanger to Las Vegas via London,2017-04-01 00:00:00,4.0,4.0,3.0,4.0,5.0,4,0.0,yes
1449,None,Solo Leisure,Economy Class,London to Moscow,2017-04-01 00:00:00,1.0,3.0,1.0,5.0,2.0,1,1.0,no
1450,None,Business,Business Class,Copenhagen to Mexico via London,2017-03-01 00:00:00,4.0,4.0,3.0,3.0,4.0,5,0.0,yes
1451,A320,Business,Economy Class,Gatwick to Rome,2017-04-01 00:00:00,2.0,3.0,1.0,0.0,3.0,2,0.0,no
1452,None,Solo Leisure,Economy Class,Prague to London,2017-04-01 00:00:00,2.0,1.0,1.0,0.0,3.0,1,0.0,no
1453,A320,Business,Business Class,LHR to IST,2017-04-01 00:00:00,1.0,1.0,1.0,1.0,1.0,3,1.0,no
1454,None,Solo Leisure,Economy Class,ORY to JFK via LHR,2017-04-01 00:00:00,1.0,1.0,1.0,3.0,1.0,2,0.0,no
1455,Boeing 747-400,Solo Leisure,Economy Class,Los Angeles to London Heathrow,2017-02-01 00:00:00,1.0,3.0,1.0,2.0,3.0,1,0.0,no
1456,A321,Business,Economy Class,London to Milan,2017-04-01 00:00:00,4.0,1.0,1.0,0.0,1.0,1,0.0,yes
1457,None,Family Leisure,Economy Class,London to Nice,2017-04-01 00:00:00,2.0,2.0,1.0,1.0,1.0,1,0.0,no
1458,None,Solo Leisure,Economy Class,Baltimore to Nice via London,2017-04-01 00:00:00,1.0,3.0,2.0,1.0,2.0,2,0.0,no
1459,Boeing 777,Family Leisure,Business Class,Sofia to Boston via London,2017-04-01 00:00:00,5.0,5.0,5.0,4.0,5.0,5,0.0,yes
1460,B777-300ER / A320 / A380,Couple Leisure,Business Class,Copenhagen to Hong Kong via London,2017-03-01 00:00:00,5.0,5.0,4.0,5.0,5.0,5,0.0,yes
1461,None,Solo Leisure,Economy Class,London to Larnaca,2017-04-01 00:00:00,3.0,2.0,1.0,1.0,3.0,1,1.0,no
1462,Boeing 777,Couple Leisure,Business Class,London Gatwick to San Jose Costa Rica,2017-04-01 00:00:00,3.0,1.0,1.0,0.0,4.0,2,0.0,no
1463,None,Family Leisure,Economy Class,London Heathrow to New York JFK,2017-04-01 00:00:00,1.0,2.0,1.0,3.0,1.0,1,1.0,no
1464,None,Couple Leisure,Economy Class,London to New Delhi,2016-11-01 00:00:00,2.0,1.0,2.0,5.0,1.0,2,0.0,no
1465,Boeing 747,Business,Premium Economy,San Diego to London,2017-03-01 00:00:00,1.0,2.0,1.0,1.0,1.0,1,0.0,no
1466,Boeing 777-200,Solo Leisure,Economy Class,Philadelphia to Edinburgh via Heathrow,2017-01-01 00:00:00,2.0,4.0,2.0,2.0,5.0,4,0.0,no
1467,Boeing 747-400,Business,Business Class,London Heathrow to New York JFK,2017-03-01 00:00:00,2.0,3.0,1.0,1.0,2.0,1,0.0,no
1468,None,Couple Leisure,Business Class,London to Singapore,2016-11-01 00:00:00,1.0,1.0,1.0,1.0,1.0,1,1.0,no
1469,Boeing 767,Couple Leisure,Business Class,Rome to London,2017-04-01 00:00:00,1.0,4.0,4.0,1.0,1.0,3,1.0,no
1470,Boeing 787-8,Business,Economy Class,London to New Orleans,2017-04-01 00:00:00,1.0,3.0,1.0,2.0,2.0,1,1.0,no
1471,A219,Couple Leisure,Business Class,London Heathrow to Brussels,2017-03-01 00:00:00,3.0,5.0,4.0,0.0,4.0,3,0.0,yes
1472,A380,Business,Business Class,Miami to London,2017-03-01 00:00:00,3.0,5.0,2.0,4.0,4.0,2,0.0,no
1473,Boeing 747,Business,Premium Economy,Cape Town to Berlin via London,2017-01-01 00:00:00,3.0,5.0,1.0,2.0,3.0,1,0.0,no
1474,A320,Couple Leisure,Economy Class,Marrakech to London Gatwick,2017-04-01 00:00:00,3.0,1.0,1.0,0.0,3.0,3,0.0,no
1475,None,Solo Leisure,Economy Class,London Heathrow to Rome,2017-04-01 00:00:00,1.0,1.0,1.0,0.0,1.0,2,0.0,no
1476,A320,Business,Economy Class,London Heathrow to Munich,2017-03-01 00:00:00,3.0,3.0,1.0,1.0,3.0,3,0.0,no
1477,A320,Couple Leisure,Economy Class,Belfast to Gibraltar via Heathrow,2017-04-01 00:00:00,2.0,3.0,1.0,0.0,3.0,3,0.0,no
1478,None,Couple Leisure,Business Class,Gatwick to Cancun,2017-02-01 00:00:00,2.0,5.0,3.0,2.0,1.0,1,1.0,no
1479,None,Couple Leisure,Economy Class,Malaga to Gatwick,2017-03-01 00:00:00,1.0,1.0,1.0,1.0,1.0,2,1.0,no
1480,Boeing 747,Business,Economy Class,London to New York,2017-03-01 00:00:00,4.0,2.0,2.0,5.0,3.0,3,0.0,no
1481,Boeing 777,Family Leisure,Business Class,Gatwick to Grenada,2017-03-01 00:00:00,5.0,5.0,4.0,4.0,5.0,1,0.0,no
1482,A320-200,Business,Economy Class,Lisbon to London,2017-03-01 00:00:00,4.0,3.0,1.0,1.0,2.0,1,0.0,no
1483,None,Family Leisure,Economy Class,Amsterdam to Cape Town via Gatwick,2017-03-01 00:00:00,1.0,2.0,1.0,3.0,3.0,1,0.0,no
1484,Boeing 747,Business,Economy Class,Miami to London,2017-01-01 00:00:00,1.0,3.0,1.0,1.0,1.0,1,0.0,no
1485,A380,Business,Economy Class,London to Los Angeles,2017-03-01 00:00:00,3.0,1.0,1.0,3.0,3.0,1,0.0,no
1486,Boeing 777,Couple Leisure,Business Class,Mauritius to Gatwick,2017-03-01 00:00:00,4.0,1.0,3.0,4.0,5.0,2,0.0,no
1487,A380,Couple Leisure,Premium Economy,London Heathrow to Hong Kong,2017-03-01 00:00:00,4.0,4.0,1.0,2.0,3.0,2,0.0,no
1488,None,Business,Business Class,Frankfurt to Hong Kong via London,2017-03-01 00:00:00,2.0,4.0,1.0,1.0,2.0,2,1.0,no
1489,Boeing 777,Couple Leisure,Premium Economy,London to Nairobi,2017-02-01 00:00:00,4.0,5.0,4.0,0.0,4.0,4,0.0,yes
1490,A319,Business,Economy Class,London Heathrow to Edinburgh,2017-03-01 00:00:00,2.0,5.0,0.0,0.0,2.0,1,0.0,no
1491,Boeing 777,Couple Leisure,Business Class,Toronto to Berlin via London,2017-03-01 00:00:00,1.0,4.0,2.0,2.0,3.0,1,0.0,no
1492,None,Solo Leisure,Economy Class,London to Istanbul,2017-03-01 00:00:00,0.0,0.0,0.0,0.0,0.0,1,0.0,no
1493,Boeing 787-9,Couple Leisure,Economy Class,London Heathrow to Dubai,2017-03-01 00:00:00,4.0,1.0,1.0,3.0,4.0,1,4.0,no
1494,Boeing 747-400,Solo Leisure,Economy Class,London Heathrow to Johannesburg,2017-03-01 00:00:00,1.0,3.0,3.0,3.0,3.0,2,0.0,no
1495,None,Solo Leisure,Economy Class,Montreal to Athens via Heathrow,2017-01-01 00:00:00,1.0,1.0,1.0,0.0,1.0,1,0.0,no
1496,A320,Solo Leisure,Business Class,London Heathrow to Innsbruck,2017-03-01 00:00:00,1.0,4.0,3.0,0.0,2.0,3,0.0,yes
1497,A320,Business,Business Class,London Heathrow to Dublin,2017-03-01 00:00:00,1.0,3.0,3.0,0.0,3.0,1,0.0,no
1498,None,Business,Economy Class,London to Dublin,2017-03-01 00:00:00,2.0,2.0,1.0,0.0,2.0,1,0.0,no
1499,Boeing 777,Couple Leisure,Economy Class,London to Barbados,2017-03-01 00:00:00,3.0,3.0,1.0,2.0,3.0,2,0.0,no
1500,Boeing 777,Solo Leisure,Economy Class,London Heathrow to Bangkok,2017-02-01 00:00:00,3.0,2.0,4.0,1.0,4.0,3,1.0,no
1501,Boeing 777-300,Solo Leisure,Economy Class,Beijing to London,2017-02-01 00:00:00,4.0,3.0,2.0,2.0,4.0,3,0.0,no
1502,A319,Couple Leisure,Business Class,LHR to GVA,2017-03-01 00:00:00,2.0,4.0,4.0,0.0,2.0,2,0.0,no
1503,None,Couple Leisure,Economy Class,Montreal to London Heathrow,2017-03-01 00:00:00,3.0,2.0,1.0,2.0,1.0,1,2.0,no
1504,Boeing 747-400 / 777-200,Family Leisure,Economy Class,GOT to SFO/PHX via LHR,2017-03-01 00:00:00,4.0,3.0,1.0,1.0,3.0,2,0.0,no
1505,Boeing 777,Couple Leisure,Business Class,Gatwick to Mauritius,2017-03-01 00:00:00,3.0,4.0,3.0,3.0,1.0,3,0.0,no
1506,Boeing 747-400,Couple Leisure,Business Class,San Diego to London,2017-03-01 00:00:00,4.0,5.0,4.0,4.0,4.0,4,0.0,yes
1507,None,Couple Leisure,Economy Class,London Heathrow to Dubai,2017-02-01 00:00:00,3.0,2.0,1.0,4.0,4.0,1,0.0,no
1508,Boeing 777,Business,Business Class,Amsterdam to St Lucia via Gatwick,2017-02-01 00:00:00,2.0,3.0,2.0,2.0,5.0,1,0.0,no
1509,A321,Solo Leisure,Economy Class,London to Toulouse,2017-03-01 00:00:00,2.0,1.0,1.0,0.0,2.0,1,0.0,no
1510,A320 / Boeing 777-200,Business,Economy Class,Edinburgh to Luanda via Heathrow,2017-03-01 00:00:00,3.0,2.0,1.0,2.0,2.0,1,1.0,no
1511,None,Solo Leisure,Economy Class,London to Las Vegas,2017-03-01 00:00:00,1.0,1.0,2.0,3.0,3.0,1,1.0,no
1512,Boeing 777-200,Couple Leisure,Economy Class,Gatwick to Bridgetown,2017-02-01 00:00:00,1.0,1.0,1.0,2.0,2.0,1,0.0,no
1513,None,Couple Leisure,Economy Class,San Jose to Gatwick,2017-02-01 00:00:00,3.0,4.0,1.0,3.0,4.0,5,0.0,yes
1514,Boeing 777,Business,Business Class,Orlando to London,2017-03-01 00:00:00,2.0,2.0,3.0,3.0,1.0,1,0.0,no
1515,Boeing 787-9,Business,Business Class,Newark to London ,2017-03-01 00:00:00,2.0,3.0,1.0,3.0,4.0,2,0.0,no
1516,None,Business,Premium Economy,Hyderabad to London,2017-03-01 00:00:00,3.0,1.0,3.0,4.0,1.0,2,0.0,no
1517,Boeing 747,Couple Leisure,Economy Class,London to Chicago,2017-02-01 00:00:00,2.0,3.0,1.0,2.0,2.0,1,0.0,no
1518,Boeing 747-400,Solo Leisure,Premium Economy,LHR to YVR,2017-03-01 00:00:00,3.0,3.0,2.0,2.0,3.0,2,0.0,no
1519,A320,Couple Leisure,Economy Class,London Heathrow to Gibraltar,2017-02-01 00:00:00,3.0,2.0,1.0,0.0,2.0,3,0.0,no
1520,A380/A320,Solo Leisure,Economy Class,Singapore to Venice via London,2017-02-01 00:00:00,3.0,3.0,2.0,2.0,3.0,3,0.0,no
1521,A320,Family Leisure,Economy Class,London to Marrakech,2017-03-01 00:00:00,3.0,1.0,1.0,0.0,3.0,1,0.0,no
1522,Boeing 747-400,Couple Leisure,Economy Class,Cape Town to London,2017-03-01 00:00:00,1.0,3.0,1.0,4.0,4.0,3,0.0,no
1523,Boeing 747-400 & A320/321,Solo Leisure,Premium Economy,Kuwait to Edinburgh via London,2017-02-01 00:00:00,5.0,3.0,2.0,5.0,5.0,3,0.0,no
1524,A321,Couple Leisure,Business Class,London Heathrow to Pisa,2017-03-01 00:00:00,1.0,4.0,2.0,0.0,1.0,1,0.0,no
1525,Boeing 777-200,Couple Leisure,Business Class,St Lucia to Gatwick,2017-03-01 00:00:00,5.0,5.0,3.0,4.0,3.0,3,0.0,yes
1526,Boeing 747-400,Couple Leisure,Business Class,Cape Town to London,2017-03-01 00:00:00,5.0,5.0,5.0,4.0,5.0,4,0.0,yes
1527,None,Business,Economy Class,Tehran to Vancouver via London,2017-03-01 00:00:00,0.0,0.0,0.0,0.0,0.0,1,0.0,no
1528,None,Solo Leisure,Economy Class,Malta to Gatwick,2017-02-01 00:00:00,2.0,3.0,1.0,1.0,1.0,1,1.0,no
1529,Boeing 767,Business,Economy Class,London to Larnaca,2017-02-01 00:00:00,1.0,2.0,3.0,2.0,2.0,1,1.0,no
1530,None,Business,Business Class,Mumbai to Seattle via London,2017-02-01 00:00:00,1.0,3.0,1.0,1.0,2.0,2,0.0,no
1531,Boeing 747-400,Business,Premium Economy,Chicago to London,2017-02-01 00:00:00,5.0,5.0,3.0,5.0,4.0,4,0.0,yes
1532,Boeing 747-400,Couple Leisure,Economy Class,Phoenix to London Heathrow,2017-02-01 00:00:00,1.0,2.0,1.0,1.0,2.0,1,1.0,no
1533,Boeing 747-400,Business,Business Class,London to Chicago O'Hare,2017-02-01 00:00:00,5.0,5.0,5.0,4.0,5.0,5,0.0,yes
1534,Boeing 777,Business,Premium Economy,London to Mumbai,2017-02-01 00:00:00,2.0,2.0,2.0,1.0,2.0,3,0.0,no
1535,Boeing 777,Couple Leisure,Business Class,San Jose to London Gatwick,2017-02-01 00:00:00,4.0,3.0,1.0,1.0,1.0,1,1.0,no
1536,None,Business,Economy Class,Amman to London,2017-02-01 00:00:00,3.0,2.0,3.0,3.0,3.0,3,0.0,no
1537,A380,Solo Leisure,Economy Class,London to Miami,2016-12-01 00:00:00,4.0,4.0,1.0,5.0,5.0,5,0.0,yes
1538,A320,Business,Economy Class,Lisbon to London,2017-02-01 00:00:00,2.0,2.0,0.0,0.0,3.0,2,0.0,no
1539,A320,Solo Leisure,Economy Class,Berlin to London,2017-01-01 00:00:00,5.0,5.0,2.0,3.0,5.0,2,0.0,yes
1540,A320,Solo Leisure,Economy Class,Istanbul to London,2017-02-01 00:00:00,3.0,5.0,1.0,1.0,3.0,2,0.0,no
1541,Boeing 777-200,Business,First Class,London Heathrow to Chicago,2017-02-01 00:00:00,1.0,1.0,1.0,1.0,3.0,1,1.0,no
1542,None,Solo Leisure,Economy Class,London Heathrow to Bangkok,2017-02-01 00:00:00,1.0,3.0,2.0,1.0,2.0,2,0.0,no
1543,Boeing 777,Couple Leisure,Economy Class,Gatwick to Cape Town,2017-02-01 00:00:00,4.0,3.0,2.0,2.0,4.0,4,0.0,yes
1544,Boeing 787-8 / 787-9,Solo Leisure,Premium Economy,Toronto to London,2017-02-01 00:00:00,3.0,4.0,2.0,1.0,4.0,3,0.0,no
1545,A319,Business,Economy Class,London Heathrow to Stuttgart,2017-02-01 00:00:00,1.0,2.0,1.0,0.0,1.0,1,0.0,no
1546,Boeing 747-400,Couple Leisure,Economy Class,London to Las Vegas,2017-02-01 00:00:00,4.0,5.0,5.0,4.0,5.0,5,0.0,yes
1547,A320,Business,Economy Class,London Heathrow to Rome,2017-02-01 00:00:00,4.0,1.0,1.0,0.0,5.0,2,0.0,no
1548,Embraer 170,Solo Leisure,Economy Class,Edinburgh to London City,2017-02-01 00:00:00,3.0,3.0,3.0,0.0,1.0,4,0.0,no
1549,Boeing 747,Couple Leisure,Economy Class,Accra to London Heathrow,2017-02-01 00:00:00,2.0,3.0,2.0,3.0,4.0,3,0.0,no
1550,Boeing 777,Couple Leisure,Business Class,London Gatwick to Mauritius ,2017-02-01 00:00:00,4.0,3.0,4.0,4.0,2.0,3,0.0,no
1551,Boeing 747-400,Solo Leisure,Economy Class,London to Vancouver,2017-02-01 00:00:00,2.0,5.0,4.0,3.0,4.0,3,0.0,yes
1552,A380,Solo Leisure,Economy Class,Washington to London,2017-02-01 00:00:00,5.0,5.0,4.0,4.0,5.0,5,0.0,yes
1553,Boeing 777,Business,Economy Class,Bangkok to London,2017-01-01 00:00:00,1.0,3.0,1.0,1.0,3.0,1,1.0,no
1554,Boeing 777,Business,Business Class,London to Hong Kong,2017-02-01 00:00:00,4.0,4.0,4.0,4.0,4.0,4,0.0,yes
1555,A320,Business,Business Class,Paris to London,2017-02-01 00:00:00,3.0,4.0,3.0,0.0,4.0,4,0.0,yes
1556,Boeing 747,Business,Premium Economy,Chicago to London Heathrow,2017-02-01 00:00:00,1.0,1.0,1.0,1.0,1.0,1,1.0,no
1557,"Boeing 767, A319",Family Leisure,Economy Class,London Heathrow to Rome,2017-02-01 00:00:00,2.0,2.0,2.0,2.0,4.0,2,0.0,no
1558,A319,Solo Leisure,Economy Class,London to Brussels,2017-02-01 00:00:00,5.0,5.0,2.0,0.0,5.0,4,0.0,yes
1559,Boeing 777-200,Couple Leisure,Economy Class,Dublin to Seattle via London Heathrow,2017-02-01 00:00:00,2.0,5.0,1.0,3.0,1.0,3,0.0,no
1560,Boeing 767-300 ,Business,Economy Class,London Heathrow to Athens,2017-02-01 00:00:00,2.0,2.0,1.0,1.0,2.0,2,0.0,no
1561,Boeing 777,Business,Business Class,Doha to London Heathrow,2017-02-01 00:00:00,1.0,1.0,1.0,4.0,3.0,2,0.0,no
1562,None,Solo Leisure,Economy Class,Orlando to London Heathrow,2017-01-01 00:00:00,1.0,1.0,1.0,3.0,1.0,1,0.0,no
1563,A319,Solo Leisure,Economy Class,LBA to LHR,2017-02-01 00:00:00,3.0,2.0,1.0,0.0,4.0,3,0.0,no
1564,None,Solo Leisure,Economy Class,Vienna to Los Angeles via London,2016-12-01 00:00:00,2.0,3.0,3.0,3.0,1.0,1,3.0,no
1565,None,Family Leisure,Economy Class,Heathrow to Innsbruck,2017-02-01 00:00:00,1.0,1.0,1.0,0.0,4.0,1,0.0,no
1566,A380,Business,Economy Class,Los Angeles to London,2017-02-01 00:00:00,2.0,1.0,1.0,1.0,2.0,1,0.0,no
1567,None,Couple Leisure,Economy Class,Gatwick to Barcelona,2017-01-01 00:00:00,1.0,1.0,1.0,0.0,1.0,1,0.0,no
1568,None,Solo Leisure,Economy Class,London to Rio de Janeiro,2016-10-01 00:00:00,1.0,1.0,1.0,2.0,1.0,2,0.0,no
1569,None,Family Leisure,Economy Class,London to New York,2016-12-01 00:00:00,3.0,2.0,1.0,3.0,3.0,1,3.0,no
1570,Boeing 777,Couple Leisure,Economy Class,TPA to ATH via LGW,2017-02-01 00:00:00,4.0,5.0,4.0,3.0,5.0,5,0.0,yes
1571,A380,Solo Leisure,Business Class,Hong Kong to London,2017-01-01 00:00:00,4.0,4.0,3.0,3.0,4.0,5,0.0,yes
1572,A320,Business,Business Class,LHR to IST,2017-01-01 00:00:00,0.0,0.0,0.0,0.0,1.0,1,0.0,no
1573,None,Solo Leisure,Business Class,London to Berlin,2017-01-01 00:00:00,3.0,4.0,4.0,0.0,3.0,4,0.0,yes
1574,A320,Solo Leisure,Business Class,Gatwick to Salzburg,2017-01-01 00:00:00,4.0,4.0,4.0,0.0,5.0,5,0.0,yes
1575,Boeing 777-200ER,Couple Leisure,Economy Class,Gatwick to Barbados,2017-01-01 00:00:00,2.0,3.0,1.0,1.0,3.0,2,1.0,no
1576,A320,Business,Economy Class,Bordeaux to London Gatwick,2017-01-01 00:00:00,2.0,3.0,2.0,0.0,5.0,5,0.0,yes
1577,A380,Couple Leisure,Business Class,LHR to SFO,2017-01-01 00:00:00,5.0,5.0,5.0,4.0,1.0,4,0.0,yes
1578,None,Business,Economy Class,Aberdeen to Paris via Heathrow,2017-01-01 00:00:00,3.0,3.0,1.0,0.0,4.0,2,0.0,no
1579,A320,Solo Leisure,Economy Class,London Heathrow to Copenhagen,2017-02-01 00:00:00,3.0,4.0,0.0,0.0,4.0,3,0.0,no
1580,A380,Solo Leisure,Economy Class,LHR to IAD,2017-01-01 00:00:00,3.0,5.0,5.0,5.0,5.0,5,0.0,yes
1581,Boeing 777,Solo Leisure,Business Class,LHR to HKG,2017-01-01 00:00:00,1.0,2.0,2.0,2.0,1.0,2,0.0,no
1582,Boeing 777,Couple Leisure,Economy Class,London Gatwick to Mauritius,2017-01-01 00:00:00,4.0,5.0,4.0,4.0,4.0,4,0.0,yes
1583,None,Couple Leisure,Economy Class,LAX to NCE via LHR,2017-01-01 00:00:00,3.0,2.0,3.0,2.0,1.0,1,1.0,no
1584,None,Business,Economy Class,Zurich to London,2017-01-01 00:00:00,2.0,2.0,1.0,1.0,3.0,2,0.0,no
1585,A320,Solo Leisure,Business Class,London Gatwick to Barcelona,2017-01-01 00:00:00,1.0,1.0,1.0,0.0,1.0,1,0.0,no
1586,A320,Solo Leisure,Economy Class,SOF to LHR,2017-01-01 00:00:00,1.0,1.0,1.0,0.0,2.0,1,0.0,no
1587,A380 / Boeing 777,Solo Leisure,Premium Economy,IAD to BCN via LHR,2017-01-01 00:00:00,5.0,5.0,5.0,0.0,5.0,5,0.0,yes
1588,Boeing 747,Solo Leisure,Economy Class,YVR to LHR,2017-01-01 00:00:00,3.0,5.0,5.0,3.0,5.0,4,0.0,yes
1589,A320,Business,Economy Class,LHR to MXP,2017-01-01 00:00:00,1.0,1.0,1.0,1.0,2.0,3,1.0,no
1590,None,Couple Leisure,Economy Class,LGW to BGI,2017-01-01 00:00:00,4.0,5.0,1.0,4.0,4.0,2,0.0,no
1591,A380,Couple Leisure,Economy Class,London to Johannesburg,2016-09-01 00:00:00,4.0,2.0,1.0,3.0,2.0,2,0.0,no
1592,A320,Business,Economy Class,London to Zurich,2017-01-01 00:00:00,2.0,1.0,1.0,0.0,2.0,1,0.0,no
1593,A321,Business,Economy Class,MAD to LHR,2017-01-01 00:00:00,2.0,3.0,1.0,1.0,3.0,1,1.0,no
1594,Boeing 777,Solo Leisure,First Class,LHR to PHL,2017-01-01 00:00:00,5.0,4.0,4.0,4.0,4.0,5,0.0,yes
1595,A320,Business,Business Class,MLA to LGW,2017-01-01 00:00:00,2.0,3.0,0.0,0.0,3.0,2,0.0,no
1596,None,Solo Leisure,Economy Class,London to Abuja,2016-12-01 00:00:00,1.0,1.0,1.0,1.0,1.0,1,0.0,no
1597,Boeing 747-400,Couple Leisure,First Class,LHR to CPT,2017-01-01 00:00:00,3.0,5.0,4.0,2.0,3.0,3,0.0,no
1598,None,None,First Class,LHR to ORD,2017-01-01 00:00:00,2.0,3.0,2.0,3.0,2.0,2,0.0,no
1599,Boeing 747 / A380,Solo Leisure,Business Class,SFO to JNB via LHR,2017-01-01 00:00:00,4.0,3.0,3.0,3.0,4.0,3,0.0,yes
1600,None,Couple Leisure,Economy Class,Larnaca to London Heathrow,2017-01-01 00:00:00,3.0,5.0,1.0,1.0,5.0,1,1.0,no
1601,A320,Couple Leisure,Economy Class,London to Manchester,2016-08-01 00:00:00,5.0,5.0,3.0,1.0,5.0,3,0.0,yes
1602,Boeing 787,Couple Leisure,Business Class,Lisbon to San Jose via London,2016-10-01 00:00:00,3.0,4.0,4.0,3.0,3.0,4,0.0,yes
1603,Boeing 747-400,Business,Premium Economy,LHR to PHX,2016-08-01 00:00:00,1.0,1.0,1.0,1.0,1.0,1,0.0,no
1604,Boeing 777,Couple Leisure,Business Class,Gatwick to Tampa,2017-01-01 00:00:00,3.0,3.0,2.0,2.0,1.0,1,0.0,no
1605,Boeing 747,Solo Leisure,Economy Class,Miami to London,2017-01-01 00:00:00,2.0,1.0,1.0,1.0,2.0,1,1.0,no
1606,Boeing 747,Business,Economy Class,LHR to DXB,2017-01-01 00:00:00,2.0,2.0,1.0,2.0,1.0,2,0.0,no
1607,None,Couple Leisure,Business Class,CDG to LHR,2016-12-01 00:00:00,2.0,3.0,2.0,0.0,1.0,1,0.0,no
1608,Boeing 777,Couple Leisure,Business Class,BKK to CDG via LHR,2017-01-01 00:00:00,2.0,5.0,1.0,1.0,1.0,1,1.0,no
1609,A320,Solo Leisure,Economy Class,GLA to LGW,2016-12-01 00:00:00,1.0,4.0,1.0,0.0,4.0,2,0.0,no
1610,None,Solo Leisure,Economy Class,BKK to LHR,2017-01-01 00:00:00,5.0,5.0,5.0,5.0,5.0,5,5.0,yes
1611,Boeing 747-400,Couple Leisure,Business Class,LHR to CPT,2017-01-01 00:00:00,3.0,3.0,3.0,3.0,4.0,3,0.0,no
1612,Boeing 787-9,Solo Leisure,First Class,LHR to KUL,2016-11-01 00:00:00,3.0,1.0,1.0,3.0,3.0,1,0.0,no
1613,A320,Solo Leisure,Economy Class,LED to LHR,2017-01-01 00:00:00,3.0,4.0,1.0,1.0,4.0,2,0.0,no
1614,None,Business,Economy Class,LGW to CUN,2016-11-01 00:00:00,2.0,2.0,1.0,3.0,2.0,2,0.0,no
1615,None,Family Leisure,Premium Economy,PVG to ZRH via LHR,2016-10-01 00:00:00,1.0,1.0,0.0,0.0,1.0,1,0.0,no
1616,Boeing 777,Couple Leisure,Business Class,LGW to BGI,2016-12-01 00:00:00,1.0,1.0,1.0,1.0,1.0,1,0.0,no
1617,None,Solo Leisure,Economy Class,JFK to LHR,2017-01-01 00:00:00,3.0,3.0,2.0,2.0,2.0,3,1.0,no
1618,None,Solo Leisure,Economy Class,London to Frankfurt,2016-07-01 00:00:00,4.0,4.0,3.0,0.0,2.0,2,0.0,no
1619,None,Business,Economy Class,ATH to LHR,2017-01-01 00:00:00,4.0,1.0,1.0,0.0,3.0,1,0.0,no
1620,A320,Couple Leisure,Economy Class,FUE to LGW,2017-01-01 00:00:00,2.0,3.0,1.0,0.0,4.0,3,0.0,no
1621,Boeing 777,Solo Leisure,Business Class,IAH to LHR,2017-01-01 00:00:00,4.0,2.0,4.0,4.0,4.0,4,0.0,yes
1622,Boeing 777,Couple Leisure,Business Class,LGW to CUN,2016-12-01 00:00:00,3.0,3.0,1.0,1.0,3.0,2,0.0,no
1623,None,Family Leisure,Economy Class,LHR to DFW,2016-12-01 00:00:00,3.0,1.0,1.0,4.0,4.0,2,0.0,no
1624,Boeing 777,Solo Leisure,Business Class,LHR to HKG,2017-01-01 00:00:00,3.0,2.0,2.0,4.0,1.0,1,0.0,no
1625,None,Business,Economy Class,LHR to PRG,2017-01-01 00:00:00,4.0,1.0,0.0,0.0,2.0,1,0.0,no
1626,A321,Solo Leisure,Business Class,LHR to AMM,2017-01-01 00:00:00,5.0,5.0,3.0,3.0,3.0,4,0.0,yes
1627,A320 / Boeing 767,Family Leisure,Economy Class,LHR to FCO,2017-01-01 00:00:00,4.0,5.0,4.0,0.0,5.0,4,0.0,yes
1628,None,Couple Leisure,Economy Class,London Heathrow to Miami,2017-01-01 00:00:00,3.0,1.0,1.0,1.0,1.0,1,0.0,no
1629,None,Couple Leisure,Economy Class,LGW to BGI,2017-01-01 00:00:00,1.0,2.0,1.0,2.0,2.0,2,1.0,no
1630,Boeing 787,Couple Leisure,Economy Class,KUL to LHR,2016-12-01 00:00:00,1.0,3.0,2.0,1.0,4.0,2,1.0,no
1631,A320,Couple Leisure,Economy Class,ATH to LHR,2017-01-01 00:00:00,4.0,5.0,3.0,0.0,5.0,4,0.0,yes
1632,None,Solo Leisure,Economy Class,MAN to LAX via LHR,2017-01-01 00:00:00,2.0,3.0,2.0,1.0,1.0,1,0.0,no
1633,None,Solo Leisure,Economy Class,MAN to LAS via LHR,2016-12-01 00:00:00,1.0,1.0,1.0,1.0,1.0,1,0.0,no
1634,Boeing 747,Family Leisure,Business Class,MIA to LHR,2017-01-01 00:00:00,1.0,4.0,3.0,3.0,4.0,1,0.0,no
1635,Boeing 777,Couple Leisure,Economy Class,SYD to LHR,2016-12-01 00:00:00,1.0,1.0,1.0,1.0,1.0,1,1.0,no
1636,None,Couple Leisure,Business Class,CDG to BKK via LHR,2016-12-01 00:00:00,2.0,4.0,1.0,1.0,1.0,1,0.0,no
1637,Boeing 777,Couple Leisure,Business Class,LHR to HKG,2017-01-01 00:00:00,1.0,4.0,4.0,2.0,3.0,1,0.0,no
1638,Boeing 787-9,Solo Leisure,Business Class,YYZ to LHR,2016-12-01 00:00:00,3.0,5.0,4.0,4.0,4.0,4,0.0,yes
1639,Boeing 777,Couple Leisure,Economy Class,LHR to LIM,2016-12-01 00:00:00,3.0,3.0,3.0,3.0,3.0,3,0.0,yes
1640,None,Solo Leisure,Economy Class,ATH to LHR,2017-01-01 00:00:00,1.0,2.0,1.0,1.0,1.0,1,0.0,no
1641,Boeing 747-400,Solo Leisure,Economy Class,ARN to DEN via LHR,2016-12-01 00:00:00,3.0,4.0,2.0,1.0,1.0,2,0.0,no
1642,None,Solo Leisure,Economy Class,IKA to LHR,2017-01-01 00:00:00,4.0,4.0,2.0,4.0,4.0,3,0.0,no
1643,Boeing 747,Solo Leisure,Economy Class,CUN to LGW,2016-12-01 00:00:00,3.0,4.0,2.0,3.0,4.0,2,0.0,no
1644,None,Couple Leisure,Economy Class,MAD to YUL via LHR,2016-12-01 00:00:00,1.0,1.0,0.0,0.0,1.0,1,0.0,no
1645,Boeing 747-400,Couple Leisure,First Class,MAN to SAN via LHR,2016-12-01 00:00:00,4.0,5.0,4.0,4.0,4.0,4,0.0,yes
1646,Boeing 777-200ER,Family Leisure,Economy Class,LGW to TPA,2016-11-01 00:00:00,3.0,4.0,4.0,3.0,5.0,3,1.0,yes
1647,None,Family Leisure,Economy Class,DXB to LHR,2016-12-01 00:00:00,1.0,1.0,1.0,2.0,1.0,1,0.0,no
1648,A380,Solo Leisure,Premium Economy,LAX to LHR,2016-09-01 00:00:00,5.0,4.0,4.0,5.0,5.0,5,0.0,yes
1649,None,Couple Leisure,Economy Class,BUD to LHR,2016-12-01 00:00:00,5.0,5.0,3.0,0.0,5.0,5,0.0,yes
1650,Boeing 747-400,Couple Leisure,Business Class,FRA to CPT via LHR,2016-12-01 00:00:00,4.0,5.0,2.0,3.0,4.0,4,0.0,yes
1651,Boeing 787,Couple Leisure,Economy Class,BWI to LHR,2016-12-01 00:00:00,2.0,3.0,2.0,3.0,1.0,1,0.0,no
1652,None,Business,Economy Class,LHR to PRG,2016-12-01 00:00:00,2.0,3.0,2.0,0.0,2.0,1,0.0,yes
1653,Boeing 787,Couple Leisure,Premium Economy,BKK to LHR,2016-12-01 00:00:00,4.0,4.0,2.0,5.0,4.0,3,0.0,no
1654,None,Solo Leisure,Premium Economy,DXB to YYZ via LHR,2016-12-01 00:00:00,2.0,4.0,2.0,1.0,1.0,1,0.0,no
1655,A320,Business,Economy Class,LHR to CPH,2016-12-01 00:00:00,1.0,1.0,1.0,1.0,1.0,1,1.0,no
1656,Boeing 777,Couple Leisure,Economy Class,LGW to ANU,2016-12-01 00:00:00,3.0,3.0,1.0,2.0,1.0,2,1.0,no
1657,None,Business,Economy Class,KBP to BFS via LHR,2016-12-01 00:00:00,3.0,5.0,4.0,2.0,1.0,2,0.0,no
1658,Boeing 747-400,Solo Leisure,Economy Class,LHR to CPT,2016-12-01 00:00:00,4.0,5.0,4.0,5.0,3.0,5,0.0,yes
1659,Boeing 777,Couple Leisure,Premium Economy,BKK to MAN via LHR,2016-12-01 00:00:00,1.0,1.0,1.0,1.0,1.0,1,0.0,no
1660,Boeing 777-200,Couple Leisure,First Class,UVF to LGW,2016-12-01 00:00:00,1.0,3.0,2.0,1.0,4.0,1,0.0,no
1661,A320 / Boeing 767,Business,Economy Class,LHR to EDI,2016-12-01 00:00:00,4.0,3.0,1.0,0.0,4.0,3,0.0,yes
1662,None,Couple Leisure,Business Class,LHR to HKG,2016-12-01 00:00:00,4.0,5.0,5.0,4.0,4.0,4,0.0,yes
1663,Boeing 777,Solo Leisure,Economy Class,LHR to EZE,2016-12-01 00:00:00,1.0,2.0,2.0,1.0,2.0,2,0.0,no
1664,A380,Solo Leisure,Economy Class,HKG to LHR,2016-12-01 00:00:00,1.0,3.0,3.0,1.0,3.0,4,0.0,yes
1665,None,Couple Leisure,Premium Economy,LHR to BKK,2016-11-01 00:00:00,3.0,1.0,2.0,1.0,3.0,2,0.0,no
1666,None,Couple Leisure,Economy Class,IAD to DEL via LHR,2016-12-01 00:00:00,3.0,3.0,2.0,3.0,3.0,3,0.0,no
1667,None,Business,Premium Economy,SAN to SVQ via LHR,2016-12-01 00:00:00,4.0,4.0,1.0,4.0,1.0,1,0.0,no
1668,Boeing 777,Family Leisure,Premium Economy,LHR to PHL,2016-10-01 00:00:00,1.0,1.0,2.0,2.0,1.0,1,1.0,no
1669,Boeing 747,Business,Business Class,DFW to BOM via LHR,2016-11-01 00:00:00,3.0,2.0,2.0,2.0,3.0,3,0.0,no
1670,Boeing 787-900,Solo Leisure,Business Class,LHR to AUS,2016-12-01 00:00:00,2.0,4.0,3.0,3.0,4.0,2,0.0,yes
1671,A380,Business,Business Class,LHR to HKG,2016-12-01 00:00:00,4.0,4.0,4.0,3.0,4.0,5,0.0,yes
1672,None,Business,Premium Economy,MAN to PVG via LHR,2016-12-01 00:00:00,1.0,1.0,1.0,1.0,1.0,1,1.0,no
1673,A380 and Boeing 777,Solo Leisure,Premium Economy,IAD to LHR,2016-12-01 00:00:00,5.0,5.0,5.0,0.0,5.0,5,0.0,yes
1674,Boeing 787,Business,Business Class,CTU to LHR,2016-12-01 00:00:00,2.0,3.0,1.0,2.0,2.0,1,1.0,no
1675,None,Couple Leisure,Economy Class,LGW to MCO,2016-12-01 00:00:00,3.0,2.0,1.0,2.0,3.0,1,0.0,no
1676,Boeing 777,Solo Leisure,Premium Economy,LHR to SEA,2016-12-01 00:00:00,3.0,2.0,2.0,3.0,4.0,3,0.0,yes
1677,None,Solo Leisure,Economy Class,MAN to LHR,2016-11-01 00:00:00,4.0,5.0,4.0,0.0,3.0,4,0.0,yes
1678,None,Solo Leisure,Economy Class,LHR to MAN,2016-11-01 00:00:00,4.0,5.0,4.0,0.0,4.0,4,0.0,yes
1679,None,Business,Premium Economy,NBO to LHR,2016-12-01 00:00:00,2.0,3.0,1.0,3.0,2.0,1,0.0,no
1680,Boeing 777,Solo Leisure,Business Class,SEA to LHR,2016-11-01 00:00:00,4.0,3.0,3.0,4.0,2.0,2,0.0,yes
1681,Boeing 777-200,Couple Leisure,First Class,LGW to UVF,2016-12-01 00:00:00,3.0,2.0,1.0,1.0,1.0,1,0.0,no
1682,Boeing 777-300 / A380,Business,Economy Class,SYD to LHR via SIN,2016-12-01 00:00:00,3.0,2.0,2.0,3.0,4.0,4,0.0,yes
1683,Boeing 747-400,Couple Leisure,Economy Class,LHR to CPT,2016-11-01 00:00:00,1.0,1.0,1.0,2.0,4.0,1,2.0,no
1684,Boeing 787,Couple Leisure,Premium Economy,LHR to YYC,2016-10-01 00:00:00,5.0,5.0,3.0,4.0,5.0,4,4.0,yes
1685,A320,Business,Business Class,LHR to LIS,2016-12-01 00:00:00,1.0,2.0,1.0,1.0,1.0,1,0.0,no
1686,A380 800,Couple Leisure,Economy Class,LHR to HKG,2016-11-01 00:00:00,1.0,2.0,1.0,4.0,3.0,2,3.0,no
1687,Boeing 777,Family Leisure,Economy Class,LHR to BKK,2016-12-01 00:00:00,2.0,2.0,2.0,1.0,4.0,2,1.0,no
1688,A321,Couple Leisure,Business Class,LHR to MAD,2016-12-01 00:00:00,4.0,4.0,4.0,0.0,4.0,3,0.0,yes
1689,Boeing 777,Couple Leisure,Business Class,SIN to  SYD,2016-12-01 00:00:00,2.0,1.0,2.0,2.0,1.0,1,0.0,no
1690,None,Couple Leisure,Economy Class,HKG to LHR,2016-11-01 00:00:00,1.0,1.0,1.0,1.0,1.0,1,0.0,no
1691,None,Couple Leisure,Economy Class,LHR to ARN,2016-12-01 00:00:00,2.0,4.0,1.0,0.0,4.0,3,0.0,yes
1692,A321,Business,Business Class,LHR to ZRH,2016-11-01 00:00:00,1.0,2.0,1.0,1.0,3.0,1,1.0,no
1693,None,Couple Leisure,Business Class,LGW to MRU,2016-11-01 00:00:00,2.0,1.0,2.0,2.0,4.0,1,0.0,no
1694,None,Solo Leisure,Economy Class,LHR to IST,2016-01-01 00:00:00,3.0,3.0,3.0,3.0,1.0,1,0.0,no
1695,A380,Family Leisure,Economy Class,LHR to HKG,2016-11-01 00:00:00,1.0,2.0,0.0,0.0,3.0,2,0.0,no
1696,A380,Business,First Class,SIN to LHR,2016-11-01 00:00:00,5.0,5.0,5.0,4.0,3.0,4,0.0,yes
1697,Boeing 777-200ER,Solo Leisure,Economy Class,JFK to LHR,2016-11-01 00:00:00,4.0,4.0,4.0,3.0,4.0,4,0.0,yes
1698,None,Couple Leisure,Economy Class,LHR to BHD,2016-10-01 00:00:00,3.0,4.0,4.0,0.0,3.0,5,0.0,yes
1699,Boeing 777,Business,First Class,LHR to YYZ,2016-11-01 00:00:00,5.0,5.0,4.0,4.0,5.0,5,0.0,yes
1700,Boeing 787-800,Couple Leisure,Business Class,MAA to LHR,2016-11-01 00:00:00,5.0,5.0,5.0,3.0,3.0,3,3.0,no
1701,A380,Business,Premium Economy,SIN to LHR,2016-11-01 00:00:00,5.0,5.0,5.0,4.0,5.0,5,5.0,yes
1702,Boeing 777,Couple Leisure,Economy Class,TLV to LHR,2016-11-01 00:00:00,3.0,5.0,5.0,4.0,3.0,4,0.0,yes
1703,A320,Solo Leisure,Business Class,RAK to LGW,2016-11-01 00:00:00,4.0,5.0,3.0,0.0,2.0,3,0.0,yes
1704,None,Family Leisure,Economy Class,SYD to SIN,2016-11-01 00:00:00,4.0,2.0,1.0,3.0,1.0,1,0.0,no
1705,None,Business,Economy Class,AMS to LHR,2016-11-01 00:00:00,1.0,1.0,1.0,1.0,1.0,1,0.0,no
1706,Boeing 747-400,Solo Leisure,First Class,LHR to SFO,2016-04-01 00:00:00,3.0,3.0,3.0,3.0,2.0,3,0.0,no
1707,Boeing 777-200,Family Leisure,Economy Class,LHR to YYZ,2016-10-01 00:00:00,3.0,4.0,3.0,3.0,5.0,4,0.0,yes
1708,Boeing 747-400,Business,Business Class,DUS to BOS via LHR,2016-11-01 00:00:00,3.0,5.0,2.0,5.0,3.0,2,0.0,no
1709,A380,Business,First Class,LHR to SIN,2016-11-01 00:00:00,5.0,5.0,5.0,4.0,5.0,5,0.0,yes
1710,None,Business,Premium Economy,LHR to DEL,2016-08-01 00:00:00,1.0,1.0,1.0,1.0,1.0,1,1.0,no
1711,None,Couple Leisure,Economy Class,RAK to LGW,2016-11-01 00:00:00,1.0,5.0,2.0,0.0,1.0,1,0.0,no
1712,A320,Business,Economy Class,LHR to BHD,2016-11-01 00:00:00,4.0,5.0,4.0,0.0,5.0,3,0.0,yes
1713,Boeing 737,Solo Leisure,Economy Class,LHR to KBP,2016-11-01 00:00:00,3.0,4.0,3.0,2.0,4.0,4,2.0,yes
1714,Boeing 747-400,Solo Leisure,First Class,LHR to LAS,2016-11-01 00:00:00,5.0,5.0,5.0,2.0,4.0,4,0.0,yes
1715,Various,Business,Economy Class,BKK to LHR via LAD & ABV,2016-08-01 00:00:00,1.0,1.0,2.0,1.0,2.0,1,0.0,no
1716,None,Family Leisure,Economy Class,LHR to IAH,2016-08-01 00:00:00,1.0,2.0,2.0,4.0,2.0,2,0.0,no
1717,None,Couple Leisure,Premium Economy,LGW to ANU,2016-09-01 00:00:00,3.0,1.0,1.0,2.0,3.0,1,0.0,no
1718,A321,Business,Economy Class,LHR to DME,2016-11-01 00:00:00,3.0,2.0,1.0,4.0,4.0,4,0.0,yes
1719,Boeing 777,Business,Economy Class,LGW to BGI,2016-10-01 00:00:00,2.0,1.0,1.0,2.0,4.0,1,0.0,no
1720,A380,Couple Leisure,First Class,JNB to LHR,2016-11-01 00:00:00,5.0,3.0,1.0,3.0,2.0,1,0.0,no
1721,A380,Couple Leisure,Premium Economy,MIA to LHR,2016-11-01 00:00:00,5.0,4.0,4.0,5.0,3.0,4,0.0,yes
1722,Boeing 787-900,Couple Leisure,Premium Economy,LHR to BWI,2016-11-01 00:00:00,5.0,5.0,4.0,5.0,5.0,5,0.0,yes
1723,A320,Solo Leisure,Economy Class,SOF to LHR,2016-11-01 00:00:00,1.0,2.0,1.0,0.0,1.0,1,0.0,no
1724,Boeing 787-800 / 777-200,Couple Leisure,First Class,YYZ to LHR,2016-11-01 00:00:00,4.0,4.0,1.0,4.0,1.0,2,0.0,no
1725,None,Business,Economy Class,LHR to KUL,2016-10-01 00:00:00,3.0,4.0,3.0,4.0,2.0,3,0.0,yes
1726,None,Business,Business Class,CPT to DUR,2016-11-01 00:00:00,1.0,2.0,1.0,0.0,3.0,1,0.0,no
1727,A380,Couple Leisure,First Class,LHR to IAD,2016-11-01 00:00:00,5.0,5.0,4.0,4.0,5.0,4,0.0,yes
1728,None,Family Leisure,Economy Class,BCN to LHR,2016-11-01 00:00:00,2.0,2.0,2.0,1.0,1.0,4,0.0,no
1729,Boeing 747-400,Couple Leisure,First Class,DFW to LHR,2016-11-01 00:00:00,5.0,5.0,4.0,4.0,4.0,4,0.0,yes
1730,None,Solo Leisure,Economy Class,LHR to TXL,2016-09-01 00:00:00,3.0,5.0,2.0,0.0,5.0,3,0.0,yes
1731,A320,Business,Economy Class,LHR to LIS,2016-11-01 00:00:00,5.0,2.0,1.0,0.0,1.0,2,0.0,no
1732,A380-800,Family Leisure,Economy Class,LHR to MIA,2016-10-01 00:00:00,3.0,3.0,1.0,1.0,2.0,2,0.0,no
1733,A320,Business,Economy Class,LIS to LHR,2016-11-01 00:00:00,5.0,5.0,5.0,0.0,5.0,5,0.0,yes
1734,Boeing 787,Family Leisure,First Class,LHR to DXB,2016-11-01 00:00:00,3.0,4.0,2.0,3.0,2.0,2,0.0,no
1735,Boeing 777,Couple Leisure,First Class,DXB to LHR,2016-11-01 00:00:00,3.0,4.0,1.0,3.0,2.0,2,0.0,no
1736,A320,Solo Leisure,Business Class,LGW to ALC,2016-11-01 00:00:00,2.0,2.0,3.0,0.0,3.0,3,0.0,yes
1737,Boeing 777-200,Solo Leisure,Premium Economy,LHR to BKK,2016-11-01 00:00:00,2.0,2.0,1.0,1.0,2.0,2,1.0,no
1738,Boeing 777,Couple Leisure,Premium Economy,LGW to BGI,2016-11-01 00:00:00,1.0,1.0,1.0,3.0,1.0,1,0.0,no
1739,None,Solo Leisure,Economy Class,DUB to LCY,2016-10-01 00:00:00,5.0,5.0,4.0,0.0,5.0,3,0.0,yes
1740,Boeing 747-400 / A380,Solo Leisure,Economy Class,JNB to CLT via LHR,2016-11-01 00:00:00,1.0,1.0,3.0,2.0,1.0,3,0.0,no
1741,A380,Couple Leisure,First Class,LHR to LAX,2016-10-01 00:00:00,5.0,5.0,5.0,5.0,4.0,5,0.0,yes
1742,Boeing 777,Couple Leisure,Premium Economy,MRU to LGW,2016-11-01 00:00:00,2.0,1.0,1.0,1.0,3.0,1,0.0,no
1743,A320,Solo Leisure,Economy Class,ATH to LHR,2016-11-01 00:00:00,3.0,5.0,1.0,0.0,5.0,1,0.0,no
1744,Boeing 787-9,Couple Leisure,First Class,LHR to KUL,2016-10-01 00:00:00,3.0,4.0,3.0,3.0,4.0,3,0.0,yes
1745,None,Solo Leisure,Economy Class,LGW to LIM,2016-08-01 00:00:00,1.0,1.0,2.0,1.0,3.0,2,0.0,no
1746,Boeing 767-300,Business,Economy Class,LCA to LHR,2016-11-01 00:00:00,2.0,2.0,1.0,1.0,2.0,1,0.0,no
1747,Boeing 777-200,Family Leisure,Business Class,LGW to MCO,2016-11-01 00:00:00,1.0,1.0,1.0,1.0,1.0,1,1.0,no
1748,Boeing 777,Solo Leisure,Economy Class,LHR to BKK,2016-11-01 00:00:00,3.0,4.0,1.0,3.0,3.0,3,0.0,yes
1749,A319,Business,Business Class,LHR to GVA,2016-11-01 00:00:00,2.0,5.0,1.0,0.0,4.0,2,0.0,no
1750,A380-800,Couple Leisure,Economy Class,LHR to LAX,2016-10-01 00:00:00,4.0,5.0,4.0,4.0,4.0,4,0.0,yes
1751,Boeing 777,Couple Leisure,Premium Economy,UVF  to LGW,2016-11-01 00:00:00,2.0,2.0,1.0,2.0,5.0,1,0.0,no
1752,None,Couple Leisure,Economy Class,LHR to BOS,2016-10-01 00:00:00,2.0,3.0,2.0,4.0,4.0,2,3.0,no
1753,A319,Family Leisure,Economy Class,LGW to VLC,2016-10-01 00:00:00,3.0,4.0,3.0,0.0,4.0,4,0.0,yes
1754,None,Solo Leisure,Economy Class,LGW to SVQ via MAD,2016-11-01 00:00:00,3.0,4.0,2.0,1.0,3.0,1,0.0,no
1755,Boeing 747-400,Couple Leisure,Economy Class,LHR to JFK,2016-10-01 00:00:00,2.0,3.0,2.0,3.0,1.0,3,0.0,no
1756,A320,Business,Business Class,LHR to OTP,2016-10-01 00:00:00,2.0,4.0,1.0,0.0,2.0,1,0.0,no
1757,Boeing 787,Solo Leisure,Economy Class,ICN to LHR,2016-10-01 00:00:00,4.0,5.0,5.0,5.0,4.0,4,0.0,yes
1758,A380 and Boeing 737-800,Solo Leisure,Economy Class,LHR to CPT via JNB,2016-10-01 00:00:00,4.0,5.0,4.0,4.0,3.0,5,0.0,yes
1759,A380,Couple Leisure,Business Class,HKG to LHR,2016-10-01 00:00:00,3.0,3.0,2.0,1.0,3.0,2,0.0,no
1760,Boeing 747-400,Solo Leisure,Business Class,LHR to ORD,2016-10-01 00:00:00,5.0,5.0,5.0,5.0,5.0,5,0.0,yes
1761,Boeing 747-400,Solo Leisure,Economy Class,YVR to LHR,2016-10-01 00:00:00,3.0,2.0,1.0,2.0,2.0,2,0.0,no
1762,None,Couple Leisure,Economy Class,LHR to AGP,2016-10-01 00:00:00,3.0,4.0,1.0,0.0,2.0,3,0.0,yes
1763,A380,Couple Leisure,Premium Economy,LHR to MIA,2016-10-01 00:00:00,4.0,5.0,4.0,1.0,5.0,4,0.0,yes
1764,"Boeing 747-400,  A320, A319",Solo Leisure,Economy Class,KWI to EDI via LHR,2016-10-01 00:00:00,5.0,5.0,4.0,5.0,5.0,5,0.0,yes
1765,None,Business,Economy Class,EDI to LGW,2016-10-01 00:00:00,3.0,5.0,3.0,0.0,5.0,5,0.0,yes
1766,None,Business,Premium Economy,SIN to BCN via LHR,2016-10-01 00:00:00,3.0,1.0,2.0,2.0,2.0,3,0.0,no
1767,A319,Business,Business Class,LHR to BRU,2016-10-01 00:00:00,1.0,1.0,1.0,1.0,1.0,1,0.0,no
1768,None,Couple Leisure,Economy Class,ATH to LHR,2016-10-01 00:00:00,3.0,5.0,1.0,0.0,3.0,1,0.0,no
1769,A320,Business,Business Class,MLA to LGW,2016-10-01 00:00:00,3.0,5.0,3.0,0.0,1.0,3,0.0,yes
1770,Boeing 777-200,Couple Leisure,Business Class,BKK to LHR,2016-10-01 00:00:00,3.0,3.0,2.0,3.0,3.0,3,0.0,no
1771,A319,Family Leisure,Business Class,LGW to Pisa,2016-10-01 00:00:00,1.0,4.0,2.0,0.0,1.0,1,0.0,no
1772,None,Solo Leisure,Premium Economy,CNX  to LHR via BKK,2016-09-01 00:00:00,3.0,4.0,3.0,2.0,1.0,2,0.0,no
1773,Boeing 747 400,Couple Leisure,Business Class,LHR to LAX,2016-09-01 00:00:00,5.0,3.0,4.0,2.0,5.0,4,0.0,yes
1774,Boeing 777-300,Business,Premium Economy,HND to LHR,2016-10-01 00:00:00,2.0,2.0,1.0,3.0,3.0,2,0.0,no
1775,Boeing 747,Solo Leisure,First Class,LHR to BOS,2016-10-01 00:00:00,4.0,4.0,3.0,4.0,4.0,4,3.0,yes
1776,A380,Couple Leisure,Economy Class,SFO to MAN via LHR,2016-10-01 00:00:00,2.0,1.0,1.0,1.0,1.0,1,0.0,no
1777,Boeing 777-200,Couple Leisure,Economy Class,LHR to SFO,2016-10-01 00:00:00,1.0,1.0,2.0,1.0,2.0,1,0.0,no
1778,A380,Business,First Class,LHR to SIN,2016-10-01 00:00:00,4.0,4.0,3.0,3.0,1.0,1,0.0,no
1779,None,Solo Leisure,Economy Class,BRI to LGW,2016-10-01 00:00:00,1.0,1.0,1.0,0.0,3.0,1,0.0,no
1780,"Boeing 747, A380",Business,First Class,JNB to ATH via LHR,2016-06-01 00:00:00,3.0,4.0,2.0,3.0,4.0,1,0.0,no
1781,None,Solo Leisure,Economy Class,BKK to LHR,2016-09-01 00:00:00,2.0,2.0,3.0,1.0,3.0,2,0.0,no
1782,A320,Couple Leisure,Business Class,LGW to MLA,2016-10-01 00:00:00,1.0,1.0,3.0,0.0,1.0,1,0.0,no
1783,None,Solo Leisure,Premium Economy,SYD to LHR via SIN,2016-10-01 00:00:00,2.0,1.0,1.0,2.0,2.0,1,0.0,no
1784,None,Solo Leisure,Business Class,JFK to LHR,2016-10-01 00:00:00,1.0,3.0,1.0,1.0,1.0,1,0.0,no
1785,A319,Family Leisure,Economy Class,LGW to NCE,2016-10-01 00:00:00,3.0,3.0,2.0,0.0,3.0,3,0.0,no
1786,Boeing 787-9,Solo Leisure,First Class,LHR to KUL,2016-08-01 00:00:00,4.0,1.0,1.0,1.0,2.0,2,0.0,no
1787,A321-200,Solo Leisure,Economy Class,PMI to LHR,2016-10-01 00:00:00,5.0,5.0,5.0,0.0,5.0,5,0.0,yes
1788,Boeing 787,Couple Leisure,Economy Class,LHR to ICN,2016-10-01 00:00:00,1.0,4.0,4.0,5.0,3.0,3,4.0,no
1789,Boeing 777 / A320,Couple Leisure,Economy Class,SEA to PRG via LHR,2016-09-01 00:00:00,3.0,1.0,1.0,3.0,1.0,2,0.0,no
1790,A380,Family Leisure,Economy Class,SIN to LHR,2016-08-01 00:00:00,1.0,2.0,1.0,1.0,2.0,2,2.0,no
1791,None,Solo Leisure,Economy Class,LHR to BUD,2016-10-01 00:00:00,1.0,1.0,1.0,0.0,1.0,1,0.0,no
1792,A380,Couple Leisure,First Class,IAD to NBO via LHR,2016-09-01 00:00:00,2.0,4.0,4.0,3.0,2.0,3,0.0,no
1793,A320,Family Leisure,Economy Class,AGP to LGW,2016-10-01 00:00:00,2.0,4.0,1.0,0.0,4.0,1,0.0,no
1794,Boeing 777,Couple Leisure,Business Class,LGW to MRU,2016-10-01 00:00:00,3.0,4.0,2.0,0.0,4.0,2,0.0,no
1795,None,Solo Leisure,Economy Class,DBV to LGW,2016-10-01 00:00:00,2.0,4.0,1.0,1.0,2.0,2,1.0,no
1796,Boeing 787-8 / A320,Couple Leisure,Business Class,YYC to FCO via LHR,2016-10-01 00:00:00,2.0,5.0,5.0,3.0,1.0,1,0.0,no
1797,None,Couple Leisure,Economy Class,LHR to GVA,2016-10-01 00:00:00,4.0,2.0,3.0,3.0,2.0,3,0.0,no
1798,None,Family Leisure,Economy Class,LCY to AGP,2016-09-01 00:00:00,3.0,3.0,2.0,0.0,1.0,1,0.0,no
1799,Boeing 747-400,Solo Leisure,Economy Class,LHR to DEN,2016-10-01 00:00:00,3.0,2.0,1.0,1.0,3.0,3,0.0,yes
1800,Boeing 777,Business,First Class,DXB to DUB via LHR,2016-07-01 00:00:00,4.0,4.0,2.0,2.0,1.0,1,1.0,no
1801,Boeing 747-400,Couple Leisure,Economy Class,LAS to LHR,2016-10-01 00:00:00,2.0,2.0,2.0,1.0,4.0,1,1.0,no
1802,Boeing 747,Solo Leisure,Economy Class,BOS to LHR,2016-10-01 00:00:00,4.0,5.0,4.0,4.0,2.0,4,0.0,yes
1803,A320,Solo Leisure,Economy Class,LHR to LIS,2016-10-01 00:00:00,5.0,5.0,4.0,0.0,4.0,5,0.0,yes
1804,Boeing 777 / 747,Business,Premium Economy,YYZ to LIS via LHR,2016-05-01 00:00:00,3.0,4.0,1.0,1.0,4.0,3,0.0,no
1805,Boeing 777,Couple Leisure,Premium Economy,LHR to ATL,2016-10-01 00:00:00,3.0,2.0,3.0,3.0,2.0,3,0.0,no
1806,Boeing 777,Couple Leisure,Economy Class,BOS to LHR,2016-09-01 00:00:00,3.0,4.0,2.0,5.0,1.0,4,0.0,yes
1807,None,Business,Economy Class,JFK to DUS via LHR,2016-10-01 00:00:00,3.0,2.0,3.0,4.0,2.0,2,0.0,no
1808,A380,Couple Leisure,Business Class,JNB to LHR,2016-09-01 00:00:00,1.0,2.0,1.0,1.0,3.0,2,1.0,no
1809,A319,Couple Leisure,Economy Class,LHR to BGO,2016-09-01 00:00:00,3.0,4.0,3.0,0.0,3.0,3,0.0,yes
1810,Boeing 777,Couple Leisure,Economy Class,LGW to MRU,2016-09-01 00:00:00,3.0,1.0,1.0,2.0,3.0,2,0.0,no
1811,None,Couple Leisure,Business Class,CDG to BKK via LHR,2016-09-01 00:00:00,1.0,1.0,1.0,0.0,4.0,3,0.0,no
1812,None,Couple Leisure,Economy Class,GLA to ZRH via LCY,2016-07-01 00:00:00,3.0,3.0,3.0,1.0,1.0,1,1.0,no
1813,Boeing 767,Family Leisure,Economy Class,LCA to LHR,2016-09-01 00:00:00,3.0,3.0,3.0,1.0,2.0,2,0.0,no
1814,A380,Couple Leisure,First Class,SIN to LHR,2016-09-01 00:00:00,4.0,5.0,4.0,0.0,4.0,4,0.0,yes
1815,Boeing 777,Family Leisure,Economy Class,SJO to LGW,2016-09-01 00:00:00,1.0,3.0,1.0,1.0,3.0,3,1.0,no
1816,Boeing 777-200,Couple Leisure,Business Class,LHR to BKK,2016-09-01 00:00:00,3.0,3.0,2.0,3.0,5.0,3,0.0,no
1817,Boeing 777,Couple Leisure,First Class,MEL to SIN via SYD,2016-09-01 00:00:00,3.0,4.0,4.0,4.0,5.0,4,0.0,yes
1818,Boeing 767,Couple Leisure,Business Class,LHR to AMS,2016-09-01 00:00:00,3.0,4.0,3.0,0.0,5.0,4,0.0,yes
1819,Boeing 787,Solo Leisure,Premium Economy,SJC to LHR,2016-09-01 00:00:00,4.0,3.0,3.0,4.0,1.0,4,0.0,yes
1820,A319,Solo Leisure,Economy Class,LGW to OPO,2016-09-01 00:00:00,4.0,4.0,2.0,0.0,3.0,4,0.0,yes
1821,Boeing 747-400 / 777,Solo Leisure,Business Class,BAH to BOS via LHR,2016-09-01 00:00:00,2.0,2.0,3.0,2.0,3.0,3,0.0,no
1822,Boeing 777,Solo Leisure,Business Class,LGW to JFK,2016-09-01 00:00:00,2.0,5.0,4.0,4.0,3.0,4,0.0,yes
1823,A320,Couple Leisure,Economy Class,LHR to KGS,2016-09-01 00:00:00,3.0,5.0,3.0,0.0,4.0,4,0.0,yes
1824,A380,Couple Leisure,Economy Class,LHR to JNB,2016-09-01 00:00:00,4.0,5.0,3.0,4.0,4.0,5,0.0,yes
1825,Boeing 777-300,Business,Premium Economy,ATL to GVA via LHR,2016-09-01 00:00:00,2.0,5.0,1.0,1.0,1.0,1,1.0,no
1826,Boeing 777-300,Couple Leisure,Economy Class,ATL to LHR,2016-09-01 00:00:00,1.0,2.0,1.0,4.0,1.0,1,0.0,no
1827,Boeing 787,Business,Premium Economy,AUH to LHR,2016-09-01 00:00:00,4.0,4.0,4.0,4.0,3.0,4,0.0,yes
1828,Boeing 777-200,Family Leisure,Premium Economy,London to JFK,2016-09-01 00:00:00,2.0,2.0,1.0,1.0,3.0,2,0.0,no
1829,A380,Business,Economy Class,LHR to JNB,2016-09-01 00:00:00,3.0,2.0,3.0,2.0,3.0,2,0.0,yes
1830,Boeing 787,Family Leisure,Economy Class,AUH to LHR,2016-09-01 00:00:00,2.0,1.0,2.0,3.0,1.0,3,0.0,no
1831,A319,Family Leisure,Economy Class,LGW to AGP,2016-09-01 00:00:00,2.0,5.0,1.0,0.0,2.0,3,0.0,no
1832,None,Solo Leisure,Economy Class,BUD to LHR,2016-09-01 00:00:00,2.0,1.0,1.0,0.0,1.0,1,0.0,no
1833,None,Solo Leisure,Business Class,LHR to AMS,2016-09-01 00:00:00,4.0,5.0,4.0,0.0,5.0,4,0.0,yes
1834,Boeing 747,Family Leisure,Economy Class,LHR to SEA,2016-08-01 00:00:00,3.0,4.0,1.0,4.0,1.0,2,0.0,no
1835,None,Solo Leisure,Economy Class,LHR to BUD,2016-09-01 00:00:00,2.0,1.0,1.0,0.0,1.0,1,0.0,no
1836,Boeing 767,Solo Leisure,Business Class,LHR to ATH,2016-09-01 00:00:00,1.0,1.0,1.0,3.0,3.0,1,0.0,no
1837,None,Couple Leisure,Economy Class,LGW to BIO,2016-08-01 00:00:00,3.0,4.0,3.0,1.0,2.0,2,1.0,no
1838,Boeing 767,Business,Business Class,LHR to IST,2016-09-01 00:00:00,4.0,5.0,4.0,2.0,4.0,4,0.0,yes
1839,None,Solo Leisure,Economy Class,MAD to PER via SIN,2016-08-01 00:00:00,2.0,3.0,2.0,1.0,3.0,2,0.0,no
1840,Boeing 747-400,Couple Leisure,First Class,MIA to LHR,2016-09-01 00:00:00,1.0,1.0,1.0,1.0,1.0,1,0.0,no
1841,A320,Couple Leisure,Business Class,LHR to KRK,2016-09-01 00:00:00,1.0,2.0,1.0,0.0,1.0,1,0.0,no
1842,Boeing 747,Business,Economy Class,LHR to DEN,2016-09-01 00:00:00,1.0,3.0,4.0,1.0,4.0,2,0.0,no
1843,Boeing 747-400,Solo Leisure,Economy Class,LHR to CPT,2016-09-01 00:00:00,3.0,4.0,4.0,2.0,5.0,4,0.0,yes
1844,None,Solo Leisure,Economy Class,LHR to MIA,2016-09-01 00:00:00,2.0,3.0,3.0,2.0,2.0,4,0.0,no
1845,A380,Couple Leisure,Economy Class,LHR to JNB,2016-08-01 00:00:00,1.0,1.0,1.0,2.0,2.0,1,0.0,no
1846,None,Solo Leisure,Economy Class,NAP to LGW,2016-09-01 00:00:00,2.0,3.0,1.0,0.0,2.0,2,0.0,no
1847,A320,Family Leisure,Economy Class,LHR to LCA,2016-09-01 00:00:00,3.0,4.0,1.0,1.0,3.0,3,0.0,yes
1848,A320,Couple Leisure,Business Class,DBV to LGW,2016-09-01 00:00:00,3.0,3.0,1.0,0.0,2.0,2,0.0,no
1849,Boeing 777,Business,First Class,ATL to LHR,2016-08-01 00:00:00,3.0,4.0,2.0,2.0,1.0,1,0.0,no
1850,A319,Couple Leisure,Economy Class,LHR to DUB,2016-09-01 00:00:00,4.0,4.0,2.0,0.0,4.0,4,0.0,yes
1851,A320,Couple Leisure,Business Class,LGW to DBV,2016-09-01 00:00:00,3.0,5.0,3.0,0.0,3.0,3,0.0,yes
1852,A380-800,Solo Leisure,Business Class,LHR to HKG,2016-09-01 00:00:00,4.0,4.0,3.0,4.0,1.0,3,0.0,no
1853,A319,Solo Leisure,Business Class,AMS to LHR,2016-09-01 00:00:00,3.0,5.0,4.0,0.0,3.0,3,0.0,yes
1854,None,Couple Leisure,Economy Class,OPO to LGW,2016-09-01 00:00:00,4.0,3.0,1.0,1.0,3.0,4,0.0,no
1855,None,Couple Leisure,Economy Class,NAP to LGW,2016-09-01 00:00:00,1.0,1.0,1.0,0.0,3.0,1,0.0,no
1856,None,Family Leisure,Economy Class,LGW to OPO,2016-09-01 00:00:00,4.0,5.0,2.0,1.0,4.0,4,0.0,yes
1857,A320,Business,Business Class,LHR to TXL,2016-08-01 00:00:00,1.0,1.0,1.0,1.0,1.0,1,1.0,no
1858,None,Business,Business Class,LHR to SVO,2016-09-01 00:00:00,4.0,4.0,3.0,4.0,1.0,1,3.0,no
1859,None,Couple Leisure,Economy Class,MUC to CPT via LHR,2016-09-01 00:00:00,2.0,4.0,2.0,3.0,3.0,3,0.0,no
1860,A320,Solo Leisure,Economy Class,VIE to OPO via LGW,2016-03-01 00:00:00,4.0,4.0,4.0,0.0,2.0,3,0.0,yes
1861,E-170,Family Leisure,Economy Class,LCY to GVA,2016-08-01 00:00:00,4.0,3.0,3.0,2.0,3.0,2,0.0,no
1862,A319,Family Leisure,Economy Class,LHR to MUC,2016-07-01 00:00:00,4.0,4.0,3.0,0.0,4.0,3,0.0,yes
1863,A320,Family Leisure,Business Class,LGW to MLA,2016-08-01 00:00:00,3.0,5.0,2.0,0.0,5.0,1,0.0,no
1864,Boeing 767,Family Leisure,Business Class,LHR to LCA,2016-08-01 00:00:00,1.0,5.0,5.0,1.0,3.0,2,0.0,no
1865,Boeing 787-900,Business,Economy Class,LHR to PVG,2016-08-01 00:00:00,2.0,5.0,4.0,3.0,5.0,5,0.0,yes
1866,A380,Family Leisure,Economy Class,PRG to SIN via LHR,2016-08-01 00:00:00,3.0,1.0,1.0,1.0,1.0,3,0.0,no
1867,A320,Business,Economy Class,LHR to GLA,2016-08-01 00:00:00,5.0,5.0,5.0,0.0,4.0,5,0.0,yes
1868,Boeing 747-400,Family Leisure,Business Class,PHX to LHR,2016-08-01 00:00:00,1.0,2.0,2.0,1.0,2.0,1,1.0,no
1869,A320,Solo Leisure,Economy Class,LIS to LHR,2016-08-01 00:00:00,5.0,5.0,2.0,0.0,2.0,2,0.0,yes
1870,A320,Family Leisure,Economy Class,LGW to RAK,2016-08-01 00:00:00,4.0,3.0,2.0,0.0,3.0,3,0.0,no
1871,Boeing 767,Solo Leisure,Economy Class,BCN to LHR,2016-08-01 00:00:00,3.0,4.0,3.0,1.0,4.0,3,0.0,yes
1872,None,Business,Economy Class,LHR to BHD,2016-08-01 00:00:00,4.0,2.0,1.0,0.0,3.0,2,0.0,no
1873,Boeing 747-400,Family Leisure,First Class,"LHR to BOS, SEA to LHR",2016-07-01 00:00:00,5.0,2.0,1.0,3.0,5.0,1,1.0,no
1874,A320,Business,Economy Class,TXL to LHR,2016-08-01 00:00:00,1.0,2.0,1.0,1.0,2.0,1,0.0,no
1875,A320,Solo Leisure,Economy Class,WAW to LHR,2016-08-01 00:00:00,3.0,4.0,1.0,1.0,2.0,2,0.0,no
1876,Boeing 747-400,Couple Leisure,Economy Class,MAN to JFK via LHR,2016-08-01 00:00:00,2.0,2.0,3.0,4.0,1.0,3,2.0,no
1877,787,Family Leisure,Premium Economy,LHR to YYC,2016-08-01 00:00:00,5.0,2.0,3.0,5.0,1.0,1,2.0,no
1878,A320,Family Leisure,First Class,MLA to LHR ,2016-07-01 00:00:00,2.0,2.0,1.0,1.0,3.0,3,0.0,no
1879,Boeing 777,Business,First Class,PHL to LHR,2016-08-01 00:00:00,4.0,4.0,1.0,0.0,5.0,1,0.0,no
1880,Boeing 747-400,Couple Leisure,Business Class,LHR to BOS,2016-07-01 00:00:00,5.0,4.0,3.0,4.0,5.0,4,0.0,yes
1881,None,Couple Leisure,Business Class,NAP to LGW,2016-08-01 00:00:00,3.0,3.0,3.0,1.0,1.0,1,1.0,no
1882,A321/A319,Business,Economy Class,LHR to CDG,2016-08-01 00:00:00,4.0,5.0,2.0,0.0,4.0,4,0.0,yes
1883,None,Solo Leisure,Economy Class,ABV to LHR,2016-08-01 00:00:00,3.0,3.0,1.0,2.0,3.0,2,0.0,no
1884,None,Family Leisure,Economy Class,LHR to IST,2016-08-01 00:00:00,4.0,5.0,1.0,3.0,4.0,3,0.0,no
1885,A320,Solo Leisure,Economy Class,LHR to KRK,2016-08-01 00:00:00,3.0,3.0,2.0,0.0,4.0,5,0.0,yes
1886,A320,Solo Leisure,Economy Class,LHR to DUB,2016-08-01 00:00:00,3.0,2.0,2.0,0.0,1.0,2,0.0,no
1887,A380,Business,Economy Class,LHR to YVR,2016-08-01 00:00:00,3.0,5.0,5.0,5.0,3.0,3,0.0,yes
1888,A380,Couple Leisure,Business Class,LHR to IAD ,2016-08-01 00:00:00,1.0,3.0,3.0,4.0,3.0,3,0.0,no
1889,None,Solo Leisure,Economy Class,LHR to YUL,2016-08-01 00:00:00,1.0,2.0,1.0,2.0,2.0,1,0.0,no
1890,A321,Solo Leisure,Economy Class,ZRH to LHR,2016-08-01 00:00:00,5.0,5.0,5.0,0.0,5.0,5,0.0,yes
1891,Boeing 777-200,Solo Leisure,Economy Class,BOS to SXF via LHR,2016-08-01 00:00:00,3.0,4.0,3.0,5.0,4.0,3,0.0,yes
1892,Boeing 777-236 ER,Couple Leisure,Business Class,LGW to TPA,2016-04-01 00:00:00,5.0,5.0,5.0,3.0,3.0,4,0.0,yes
1893,A319,Business,Business Class,FRA to LHR,2016-08-01 00:00:00,1.0,1.0,1.0,1.0,1.0,1,0.0,no
1894,None,Couple Leisure,Business Class,DUB to SFO via PHL,2016-06-01 00:00:00,1.0,3.0,3.0,1.0,4.0,2,1.0,no
1895,Boeing 747,Solo Leisure,Premium Economy,MEX to AMS via LHR,2016-08-01 00:00:00,3.0,3.0,3.0,1.0,1.0,1,1.0,no
1896,None,Solo Leisure,Economy Class,ZRH to BWI via LHR,2016-06-01 00:00:00,0.0,0.0,0.0,0.0,1.0,1,0.0,no
1897,Boeing 777-300ER,Solo Leisure,Economy Class,SIN to SYD,2016-08-01 00:00:00,4.0,4.0,4.0,4.0,4.0,5,0.0,yes
1898,Boeing 777,Couple Leisure,Business Class,LHR to NAS,2016-06-01 00:00:00,4.0,5.0,3.0,0.0,4.0,3,0.0,yes
1899,A380,Family Leisure,Business Class,MIA to LHR,2016-07-01 00:00:00,4.0,3.0,3.0,3.0,3.0,3,0.0,yes
1900,Boeing 777,Business,Premium Economy,DOH to CDG via BAH / LHR,2016-07-01 00:00:00,4.0,4.0,4.0,4.0,4.0,4,0.0,yes
1901,Boeing 747-400,Solo Leisure,First Class,GRU to LHR,2016-07-01 00:00:00,3.0,5.0,1.0,2.0,4.0,2,0.0,yes
1902,Boeing 787,Couple Leisure,Business Class,GLA to KUL via LHR,2016-04-01 00:00:00,4.0,5.0,3.0,3.0,3.0,3,0.0,yes
1903,A380,Family Leisure,Business Class,LHR to MIA,2016-07-01 00:00:00,5.0,3.0,4.0,4.0,3.0,4,0.0,yes
1904,A320 / Boeing 787,Business,Business Class,ATH to KUL via LHR,2016-07-01 00:00:00,4.0,4.0,4.0,4.0,4.0,4,4.0,yes
1905,None,Solo Leisure,Economy Class,LCY to FLR,2016-07-01 00:00:00,3.0,4.0,3.0,0.0,3.0,4,0.0,yes
1906,Boeing 767-300,Business,Economy Class,FRA to LHR,2016-07-01 00:00:00,3.0,3.0,3.0,0.0,4.0,4,0.0,yes
1907,A319,Couple Leisure,Economy Class,LBA to LHR,2016-07-01 00:00:00,5.0,5.0,5.0,4.0,5.0,5,2.0,yes
1908,Boeing 777-200,Business,Economy Class,BLR to LHR,2016-07-01 00:00:00,4.0,3.0,3.0,2.0,1.0,3,1.0,no
1909,None,Business,Business Class,BKK to LHR,2016-07-01 00:00:00,3.0,3.0,3.0,1.0,2.0,2,0.0,no
1910,None,Couple Leisure,Premium Economy,MRU to LHR,2016-07-01 00:00:00,1.0,1.0,1.0,1.0,1.0,1,0.0,no
1911,A321,Family Leisure,Business Class,GLA to LIS via LHR,2016-07-01 00:00:00,1.0,2.0,1.0,0.0,1.0,1,0.0,no
1912,None,Couple Leisure,Economy Class,EDI to PRG via LHR,2016-07-01 00:00:00,2.0,2.0,0.0,1.0,2.0,1,0.0,no
1913,None,Couple Leisure,Economy Class,ABZ to SFO via LHR,2016-07-01 00:00:00,1.0,3.0,4.0,1.0,3.0,3,0.0,no
1914,Boeing 777,Couple Leisure,First Class,LHR to DFW,2016-07-01 00:00:00,3.0,1.0,2.0,0.0,5.0,2,0.0,no
1915,Boeing 777-200,Solo Leisure,First Class,LHR to JFK,2016-07-01 00:00:00,5.0,5.0,5.0,5.0,5.0,5,0.0,yes
1916,Boeing 747-400,Solo Leisure,Business Class,JFK to LHR,2016-07-01 00:00:00,5.0,5.0,4.0,5.0,5.0,5,0.0,yes
1917,None,Solo Leisure,Business Class,BSL to LHR,2016-07-01 00:00:00,1.0,3.0,1.0,0.0,1.0,1,0.0,no
1918,Boeing 787,Couple Leisure,Business Class,LHR to YYC,2016-07-01 00:00:00,4.0,5.0,3.0,5.0,4.0,3,0.0,yes
1919,Boeing 777,Business,First Class,LHR to BOS,2016-07-01 00:00:00,4.0,4.0,4.0,3.0,1.0,2,2.0,no
1920,None,Business,Business Class,LHR to ZRH,2016-07-01 00:00:00,3.0,4.0,3.0,0.0,4.0,4,0.0,yes
1921,A320,Business,Business Class,LHR to GVA,2016-07-01 00:00:00,1.0,2.0,1.0,0.0,1.0,1,0.0,no
1922,Boeing 777-200,Couple Leisure,Business Class,AMS to BKK via LHR,2016-07-01 00:00:00,3.0,2.0,1.0,3.0,1.0,1,0.0,no
1923,None,Solo Leisure,Economy Class,MXP to MEX via LHR,2016-07-01 00:00:00,3.0,3.0,3.0,2.0,1.0,1,1.0,no
1924,None,Solo Leisure,Business Class,LHR to BUD,2016-06-01 00:00:00,1.0,3.0,1.0,0.0,1.0,1,0.0,no
1925,A320,Solo Leisure,Business Class,GVA to LHR,2016-07-01 00:00:00,1.0,4.0,2.0,0.0,3.0,1,0.0,no
1926,Boeing 747-400,Business,Economy Class,LHR to JFK,2016-07-01 00:00:00,1.0,1.0,1.0,1.0,1.0,1,2.0,no
1927,Boeing 777 and Boeing 787,Solo Leisure,Business Class,LHR to BKK via KUL,2016-06-01 00:00:00,5.0,5.0,3.0,5.0,5.0,1,0.0,no
1928,Boeing 787,Business,Business Class,KUL to LHR,2016-07-01 00:00:00,5.0,5.0,5.0,5.0,5.0,1,5.0,no
1929,A380,Business,Business Class,JNB to LHR,2016-03-01 00:00:00,1.0,1.0,2.0,2.0,1.0,1,0.0,no
1930,None,Solo Leisure,Economy Class,YYZ to EBB via LHR,2015-08-01 00:00:00,4.0,5.0,5.0,5.0,4.0,3,4.0,yes
1931,None,Solo Leisure,Economy Class,AMS to LGW,2015-10-01 00:00:00,2.0,1.0,0.0,0.0,1.0,1,0.0,no
1932,None,Business,Premium Economy,KUL to LHR,2016-07-01 00:00:00,1.0,1.0,1.0,1.0,1.0,1,1.0,no
1933,A320,Business,Business Class,ZRH to LHR,2016-06-01 00:00:00,1.0,5.0,1.0,1.0,2.0,3,1.0,no
1934,Boeing 777,Couple Leisure,First Class,LGW to UVF,2016-06-01 00:00:00,4.0,5.0,4.0,5.0,4.0,4,0.0,yes
1935,None,Solo Leisure,Economy Class,LCY to TXL,2016-06-01 00:00:00,3.0,4.0,4.0,1.0,1.0,1,0.0,no
1936,Boeing 747,Business,Economy Class,BWI to AMS via LHR,2016-06-01 00:00:00,4.0,2.0,1.0,0.0,1.0,1,0.0,no
1937,None,Couple Leisure,Economy Class,MAN to JNB via LHR,2016-04-01 00:00:00,4.0,5.0,5.0,5.0,2.0,4,3.0,yes
1938,A320,Couple Leisure,Business Class,LGW to SVQ,2016-06-01 00:00:00,3.0,5.0,4.0,0.0,3.0,3,0.0,yes
1939,A380,Couple Leisure,Business Class,LHR to YVR,2016-06-01 00:00:00,4.0,5.0,4.0,4.0,3.0,4,0.0,yes
1940,None,Solo Leisure,Premium Economy,LHR to ATL,2016-06-01 00:00:00,3.0,3.0,0.0,1.0,1.0,2,0.0,no
1941,None,Solo Leisure,Economy Class,MRS to LHR,2016-06-01 00:00:00,3.0,1.0,1.0,1.0,1.0,1,1.0,no
1942,A380,Couple Leisure,Economy Class,LAX to FCO via LHR,2016-06-01 00:00:00,1.0,2.0,2.0,4.0,2.0,1,0.0,no
1943,A380 and Boeing 767,Couple Leisure,First Class,JNB to EDI via LHR,2016-06-01 00:00:00,4.0,5.0,4.0,3.0,1.0,1,0.0,no
1944,Boeing 777,Solo Leisure,Economy Class,LHR to BKK,2016-06-01 00:00:00,4.0,1.0,4.0,3.0,2.0,3,3.0,no
1945,Boeing 787,Couple Leisure,Premium Economy,LHR to EWR,2016-06-01 00:00:00,5.0,5.0,5.0,5.0,5.0,5,0.0,yes
1946,A319,Couple Leisure,Economy Class,LGW to OPO,2016-06-01 00:00:00,4.0,4.0,3.0,0.0,5.0,4,0.0,yes
1947,None,Family Leisure,Economy Class,NCL to LAS via LHR,2016-06-01 00:00:00,2.0,5.0,4.0,3.0,4.0,4,3.0,yes
1948,Boeing 767,Couple Leisure,Business Class,ATH to LHR,2016-06-01 00:00:00,1.0,4.0,2.0,0.0,1.0,2,0.0,no
1949,None,Couple Leisure,Premium Economy,NAS to LHR,2016-05-01 00:00:00,2.0,1.0,1.0,2.0,3.0,1,0.0,no
1950,None,Family Leisure,Economy Class,AGP to LGW,2016-06-01 00:00:00,2.0,2.0,2.0,0.0,3.0,3,0.0,no
1951,Boeing 777-200ER,Solo Leisure,Economy Class,JFK to LGW,2016-06-01 00:00:00,5.0,5.0,5.0,5.0,5.0,5,0.0,yes
1952,None,Family Leisure,First Class,LHR to MCI via ORD,2016-06-01 00:00:00,4.0,4.0,2.0,2.0,1.0,1,3.0,no
1953,A320,Couple Leisure,Economy Class,LGW to FAO,2016-05-01 00:00:00,1.0,1.0,1.0,0.0,1.0,3,0.0,no
1954,A320,Business,Business Class,LHR to ATH,2016-06-01 00:00:00,0.0,0.0,0.0,0.0,1.0,1,0.0,no
1955,A320/A319,Business,Economy Class,LHR to EDI,2016-06-01 00:00:00,4.0,3.0,1.0,0.0,3.0,3,0.0,yes
1956,None,Couple Leisure,Economy Class,LAS to LHR,2016-06-01 00:00:00,1.0,1.0,4.0,2.0,2.0,3,0.0,no
1957,A320,Couple Leisure,Business Class,LHR to DUB,2016-04-01 00:00:00,5.0,5.0,5.0,0.0,5.0,5,0.0,yes
1958,Boeing 777,Solo Leisure,Business Class,BGI to LGW,2016-05-01 00:00:00,4.0,5.0,4.0,4.0,5.0,4,0.0,yes
1959,Boeing 747,Couple Leisure,Economy Class,LHR to MIA,2016-06-01 00:00:00,1.0,1.0,1.0,1.0,1.0,1,1.0,no
1960,None,Couple Leisure,Premium Economy,LHR to SAN,2016-06-01 00:00:00,1.0,2.0,0.0,3.0,2.0,2,1.0,no
1961,Boeing 777-200,Solo Leisure,First Class,PHL to LHR,2016-06-01 00:00:00,5.0,2.0,1.0,3.0,4.0,1,0.0,no
1962,A380,Solo Leisure,Premium Economy,LHR to SIN,2016-06-01 00:00:00,4.0,3.0,2.0,4.0,4.0,3,0.0,yes
1963,Boeing 777-200,Couple Leisure,Business Class,LHR to BOS,2016-06-01 00:00:00,4.0,5.0,1.0,4.0,5.0,4,0.0,yes
1964,Boeing 777,Couple Leisure,Business Class,SIN to SYD,2016-05-01 00:00:00,3.0,2.0,3.0,3.0,5.0,3,0.0,no
1965,A320,Couple Leisure,Business Class,LGW to PFO,2016-06-01 00:00:00,4.0,5.0,5.0,0.0,5.0,5,0.0,yes
1966,"A320, A380",Solo Leisure,First Class,BCN to SFO via LHR,2016-06-01 00:00:00,5.0,4.0,3.0,5.0,1.0,3,1.0,no
1967,Boeing 777,Couple Leisure,Business Class,UVF to LGW,2016-06-01 00:00:00,3.0,5.0,4.0,2.0,4.0,3,0.0,yes
1968,Boeing 777,Couple Leisure,Premium Economy,LGW to UVF,2016-05-01 00:00:00,4.0,3.0,3.0,2.0,1.0,3,0.0,no
1969,A319,Business,Economy Class,LHR to STR,2016-06-01 00:00:00,1.0,3.0,2.0,0.0,4.0,3,0.0,no
1970,A320 / Boeing 777,Solo Leisure,First Class,MAN to PHL via LHR,2016-06-01 00:00:00,5.0,5.0,4.0,4.0,5.0,5,0.0,yes
1971,A320,Couple Leisure,Economy Class,LHR to OTP,2016-04-01 00:00:00,3.0,3.0,3.0,0.0,2.0,3,0.0,no
1972,Boeing 747-400,Couple Leisure,First Class,JFK to LHR,2016-06-01 00:00:00,3.0,4.0,4.0,3.0,1.0,3,0.0,yes
1973,None,Couple Leisure,Economy Class,LGW to EDI,2016-05-01 00:00:00,2.0,2.0,1.0,0.0,1.0,2,0.0,no
1974,Boeing 747-400,Family Leisure,Economy Class,LHR to MIA,2016-05-01 00:00:00,2.0,2.0,2.0,1.0,2.0,3,1.0,no
1975,None,Couple Leisure,Business Class,LGW to LIM,2016-05-01 00:00:00,4.0,3.0,3.0,3.0,3.0,3,3.0,no
1976,Boeing 747,Solo Leisure,Economy Class,JFK to LHR,2016-05-01 00:00:00,5.0,5.0,1.0,5.0,5.0,4,0.0,yes
1977,None,Solo Leisure,Economy Class,GVA to INV via LHR,2016-05-01 00:00:00,3.0,4.0,1.0,0.0,1.0,2,0.0,no
1978,None,Couple Leisure,Economy Class,DXB to LHR,2016-05-01 00:00:00,4.0,2.0,1.0,1.0,3.0,2,0.0,no
1979,Boeing 747-400,Solo Leisure,Economy Class,LHR to DXB,2016-05-01 00:00:00,3.0,4.0,4.0,3.0,4.0,4,0.0,yes
1980,A380,Solo Leisure,Premium Economy,LHR to SFO,2016-05-01 00:00:00,5.0,4.0,4.0,5.0,3.0,5,0.0,yes
1981,Boeing 777-200,Couple Leisure,Economy Class,LGW to PUJ,2016-05-01 00:00:00,3.0,5.0,4.0,1.0,1.0,3,0.0,yes
1982,Boeing 777,Couple Leisure,Economy Class,LGW to BDA,2016-05-01 00:00:00,4.0,4.0,4.0,4.0,4.0,4,0.0,yes
1983,Boeing 787,Solo Leisure,Business Class,LHR to YYZ,2016-03-01 00:00:00,5.0,5.0,5.0,5.0,5.0,4,0.0,yes
1984,None,Business,Business Class,WAW to LHR,2016-05-01 00:00:00,3.0,3.0,2.0,2.0,1.0,1,0.0,no
1985,None,Couple Leisure,Economy Class,MXP to LHR,2016-05-01 00:00:00,4.0,5.0,3.0,0.0,1.0,3,0.0,no
1986,Boeing 777-300,Solo Leisure,Economy Class,BKK to LHR,2016-05-01 00:00:00,3.0,4.0,4.0,2.0,3.0,4,0.0,yes
1987,None,Couple Leisure,Economy Class,IBZ to LGW,2016-05-01 00:00:00,2.0,3.0,0.0,0.0,1.0,2,0.0,yes
1988,A320,Family Leisure,Business Class,LHR to CDG,2016-05-01 00:00:00,4.0,5.0,4.0,0.0,2.0,3,0.0,yes
1989,A380,Business,Business Class,SFO to LHR,2016-05-01 00:00:00,4.0,3.0,3.0,4.0,4.0,2,3.0,no
1990,Saab 2000,Solo Leisure,Economy Class,LCY to IOM,2016-05-01 00:00:00,5.0,5.0,5.0,0.0,5.0,5,0.0,yes
1991,A321 / Boeing 747-400,Couple Leisure,Economy Class,AMS to GRU via LHR,2016-05-01 00:00:00,4.0,4.0,4.0,2.0,4.0,5,0.0,yes
1992,None,Business,Economy Class,LCY to GLA,2016-05-01 00:00:00,1.0,1.0,0.0,0.0,1.0,1,0.0,no
1993,None,Couple Leisure,Economy Class,LHR to BOM,2016-03-01 00:00:00,4.0,3.0,0.0,0.0,1.0,3,0.0,no
1994,None,Couple Leisure,Economy Class,LGW to UVF,2016-05-01 00:00:00,1.0,1.0,2.0,4.0,1.0,1,0.0,no
1995,None,Couple Leisure,Economy Class,LHR to MIA,2016-05-01 00:00:00,5.0,5.0,5.0,5.0,4.0,5,0.0,yes
1996,Boeing 747-400,Couple Leisure,Economy Class,JFK to LHR,2016-05-01 00:00:00,4.0,4.0,3.0,2.0,5.0,3,0.0,yes
1997,Boeing 747-400,Couple Leisure,Business Class,LHR to JFK,2016-05-01 00:00:00,4.0,4.0,3.0,2.0,4.0,3,0.0,yes
1998,A320,Couple Leisure,Economy Class,LGW to DBV,2016-04-01 00:00:00,4.0,4.0,3.0,0.0,4.0,4,0.0,yes
1999,A320,Couple Leisure,Economy Class,LHR to WAW,2016-05-01 00:00:00,2.0,4.0,3.0,0.0,3.0,2,0.0,no
2000,Boeing 777,Couple Leisure,Business Class,BGI to LGW,2016-05-01 00:00:00,4.0,4.0,4.0,2.0,4.0,4,0.0,yes
2001,Boeing 777,Couple Leisure,Business Class,LGW to BGI,2016-05-01 00:00:00,4.0,5.0,4.0,3.0,4.0,4,0.0,yes
2002,A320,Solo Leisure,Economy Class,MXP to LHR,2016-05-01 00:00:00,2.0,2.0,2.0,0.0,3.0,3,0.0,no
2003,A320,Couple Leisure,Business Class,LHR to BCN,2016-05-01 00:00:00,1.0,3.0,1.0,0.0,3.0,1,0.0,no
2004,None,Solo Leisure,Economy Class,LGW to CTA,2016-05-01 00:00:00,2.0,1.0,1.0,1.0,3.0,2,1.0,no
2005,Boeing 777,Family Leisure,Economy Class,LGW to MCO,2016-05-01 00:00:00,4.0,3.0,4.0,3.0,5.0,4,0.0,yes
2006,Boeing 777-200,Family Leisure,Premium Economy,BKK to LHR,2016-05-01 00:00:00,3.0,4.0,1.0,1.0,4.0,2,0.0,no
2007,Boeing 777,Solo Leisure,Economy Class,PVG to LHR,2016-05-01 00:00:00,4.0,5.0,4.0,3.0,4.0,5,0.0,yes
2008,None,Couple Leisure,Economy Class,LHR to EWR,2016-05-01 00:00:00,1.0,1.0,0.0,0.0,1.0,1,0.0,no
2009,None,Couple Leisure,Business Class,LGW to FNC,2016-05-01 00:00:00,1.0,4.0,3.0,0.0,1.0,1,0.0,no
2010,Boeing 747-400,Solo Leisure,Premium Economy,LHR to DEN,2016-05-01 00:00:00,4.0,4.0,3.0,2.0,4.0,4,0.0,yes
2011,A319,Solo Leisure,Premium Economy,LHR to BSL,2016-05-01 00:00:00,2.0,3.0,1.0,0.0,3.0,3,0.0,no
2012,None,Couple Leisure,Economy Class,LYS to LHR,2016-05-01 00:00:00,3.0,2.0,1.0,1.0,2.0,1,0.0,no
2013,A320 / Boeing 777,Solo Leisure,Economy Class,PSA to ORD via LHR,2016-05-01 00:00:00,2.0,2.0,2.0,1.0,4.0,3,0.0,yes
2014,None,Solo Leisure,Premium Economy,NAS to CDG via LHR,2016-05-01 00:00:00,2.0,5.0,4.0,4.0,2.0,2,0.0,no
2015,Boeing 787,Business,Business Class,LHR to Seoul,2016-05-01 00:00:00,1.0,4.0,3.0,4.0,4.0,3,0.0,no
2016,A320,Couple Leisure,Business Class,LHR to JTR,2016-05-01 00:00:00,1.0,3.0,3.0,0.0,1.0,1,0.0,no
2017,None,Couple Leisure,Economy Class,TXL to PHL via LHR,2015-12-01 00:00:00,2.0,3.0,1.0,2.0,2.0,3,0.0,no
2018,None,Solo Leisure,Economy Class,DUB to LHR,2016-05-01 00:00:00,3.0,2.0,3.0,0.0,1.0,1,0.0,no
2019,None,Solo Leisure,Economy Class,CDG to LHR,2016-04-01 00:00:00,4.0,3.0,3.0,0.0,1.0,4,0.0,no
2020,Boeing 787,Solo Leisure,Economy Class,KUL to LHR,2016-05-01 00:00:00,1.0,1.0,1.0,2.0,3.0,2,2.0,no
2021,None,Couple Leisure,Business Class,LHR to NCE,2016-05-01 00:00:00,3.0,3.0,3.0,0.0,2.0,3,3.0,yes
2022,A320,Solo Leisure,Economy Class,LGW to AMS,2015-11-01 00:00:00,3.0,3.0,0.0,0.0,1.0,3,0.0,no
2023,Boeing 777-200,Couple Leisure,First Class,YYZ to LHR,2016-03-01 00:00:00,3.0,4.0,5.0,4.0,5.0,5,0.0,yes
2024,None,Solo Leisure,Economy Class,ACC to LHR,2016-04-01 00:00:00,2.0,4.0,1.0,2.0,4.0,4,2.0,no
2025,Boeing 747-400,Couple Leisure,Economy Class,LHR to MIA,2016-04-01 00:00:00,3.0,2.0,3.0,3.0,2.0,4,0.0,no
2026,A319,Business,Business Class,OSL to LHR,2016-04-01 00:00:00,1.0,2.0,1.0,1.0,1.0,1,0.0,no
2027,A319 / A320,Business,Business Class,LGW to IBZ,2016-04-01 00:00:00,4.0,4.0,5.0,0.0,4.0,3,0.0,yes
2028,None,Family Leisure,Business Class,ORD to LHR,2016-04-01 00:00:00,4.0,5.0,3.0,3.0,5.0,4,0.0,yes
2029,Boeing 747-400,Business,Economy Class,DXB to LHR,2016-04-01 00:00:00,3.0,3.0,3.0,3.0,3.0,4,0.0,yes
2030,Boeing 777-200,Solo Leisure,Economy Class,LHR to SFO,2016-04-01 00:00:00,3.0,4.0,4.0,3.0,4.0,4,0.0,yes
2031,Boeing 747-400 / A320,Family Leisure,Business Class,ORD to AMS via LHR,2016-04-01 00:00:00,5.0,5.0,5.0,5.0,4.0,5,0.0,yes
2032,None,Family Leisure,Economy Class,FCO to LHR,2016-04-01 00:00:00,4.0,3.0,2.0,0.0,1.0,3,0.0,no
2033,None,Solo Leisure,Economy Class,EDI to YYZ via LHR,2016-04-01 00:00:00,3.0,4.0,1.0,3.0,1.0,4,0.0,no
2034,Boeing 747,Family Leisure,Economy Class,MAN to DXB via LHR,2016-04-01 00:00:00,1.0,2.0,1.0,1.0,2.0,2,0.0,no
2035,None,Business,Business Class,LHR to PHL,2016-04-01 00:00:00,4.0,4.0,2.0,0.0,1.0,1,1.0,no
2036,Boeing 787,Couple Leisure,Premium Economy,LHR to YYC,2016-03-01 00:00:00,5.0,4.0,5.0,4.0,5.0,4,1.0,yes
2037,Boeing 747,Couple Leisure,First Class,LHR to YYZ,2016-04-01 00:00:00,4.0,5.0,5.0,3.0,5.0,5,0.0,yes
2038,A380,Business,Economy Class,AMS to HKG via LHR,2016-04-01 00:00:00,1.0,2.0,1.0,3.0,3.0,2,1.0,no
2039,A380,Solo Leisure,First Class,LHR to HKG,2016-03-01 00:00:00,5.0,5.0,5.0,5.0,5.0,4,0.0,yes
2040,Boeing 747-400,Couple Leisure,Business Class,LHR to GRU,2016-04-01 00:00:00,4.0,5.0,5.0,3.0,4.0,4,0.0,yes
2041,Boeing 777,Business,Economy Class,LHR to NBO,2016-04-01 00:00:00,3.0,2.0,2.0,2.0,2.0,2,2.0,no
2042,Boeing 777,Business,Premium Economy,NBO to LHR,2016-04-01 00:00:00,3.0,2.0,2.0,3.0,3.0,2,0.0,no
2043,None,Couple Leisure,Economy Class,YVR to BCN via LHR,2016-04-01 00:00:00,1.0,3.0,1.0,1.0,3.0,2,1.0,no
2044,Boeing 777-200,Business,First Class,DOH to LHR via BAH,2016-04-01 00:00:00,5.0,2.0,2.0,4.0,1.0,2,1.0,no
2045,A380,Business,Business Class,LHR to JNB,2016-02-01 00:00:00,3.0,4.0,2.0,4.0,2.0,3,2.0,no
2046,None,Solo Leisure,Economy Class,LHR to CPT via JNB,2016-04-01 00:00:00,2.0,3.0,1.0,2.0,1.0,2,0.0,no
2047,A320 / A380,Family Leisure,Economy Class,MAN to LAX via LHR,2016-04-01 00:00:00,1.0,3.0,1.0,3.0,2.0,1,0.0,no
2048,None,Couple Leisure,Economy Class,GIB to LHR,2016-01-01 00:00:00,1.0,1.0,2.0,0.0,1.0,1,0.0,no
2049,Boeing 747,Couple Leisure,Economy Class,LHR to JFK,2016-04-01 00:00:00,3.0,5.0,5.0,4.0,5.0,3,0.0,yes
2050,Boeing 777 and Boeing 787,Solo Leisure,Business Class,LHR to IAH,2016-04-01 00:00:00,4.0,5.0,4.0,4.0,4.0,5,0.0,yes
2051,Boeing 777,Solo Leisure,Business Class,LHR to PEK,2016-02-01 00:00:00,4.0,4.0,4.0,3.0,3.0,4,0.0,yes
2052,Boeing 747,Solo Leisure,Economy Class,YVR to CDG via LHR,2016-04-01 00:00:00,2.0,5.0,5.0,2.0,5.0,5,0.0,yes
2053,None,Solo Leisure,Economy Class,LHR to CDG,2016-03-01 00:00:00,3.0,4.0,3.0,0.0,3.0,5,0.0,yes
2054,A380,Solo Leisure,Premium Economy,HKG to LHR,2016-03-01 00:00:00,4.0,4.0,3.0,3.0,3.0,5,0.0,yes
2055,A380-800,Couple Leisure,Business Class,SFO to LHR,2016-03-01 00:00:00,5.0,5.0,5.0,5.0,5.0,5,0.0,yes
2056,Boeing 747-400,Solo Leisure,Premium Economy,PEK to LHR,2015-05-01 00:00:00,5.0,5.0,4.0,2.0,4.0,5,0.0,yes
2057,A380,Couple Leisure,Premium Economy,LHR to LAX,2016-03-01 00:00:00,5.0,5.0,4.0,5.0,4.0,4,0.0,yes
2058,A320,Family Leisure,Economy Class,LHR to ATH,2016-04-01 00:00:00,4.0,4.0,4.0,3.0,3.0,4,0.0,yes
2059,Boeing 747,Business,Business Class,RUH to DUS via LHR,2016-04-01 00:00:00,4.0,4.0,3.0,0.0,1.0,3,0.0,no
2060,A320,Solo Leisure,Business Class,AMS to LGW,2016-04-01 00:00:00,1.0,3.0,1.0,0.0,2.0,2,0.0,no
2061,A319,Solo Leisure,Economy Class,LGW to AMS,2016-04-01 00:00:00,3.0,1.0,1.0,0.0,1.0,3,0.0,yes
2062,None,Solo Leisure,Economy Class,MRS to YUL via LHR,2016-04-01 00:00:00,3.0,4.0,4.0,3.0,3.0,5,1.0,no
2063,Boeing 767-300,Family Leisure,Business Class,LHR to LCA,2016-04-01 00:00:00,3.0,4.0,5.0,1.0,2.0,3,0.0,yes
2064,SAAB 2000,Couple Leisure,Economy Class,LCY to IOM,2016-04-01 00:00:00,4.0,5.0,5.0,0.0,4.0,4,0.0,yes
2065,Boeing 737,Solo Leisure,Economy Class,CPH to LHR,2016-04-01 00:00:00,3.0,1.0,1.0,0.0,5.0,4,0.0,no
2066,E-170,Business,Economy Class,LCY to RTM,2016-03-01 00:00:00,4.0,5.0,4.0,0.0,4.0,4,0.0,yes
2067,Boeing 787 / A320,Couple Leisure,Business Class,YYZ to TXL via LHR,2016-03-01 00:00:00,5.0,5.0,5.0,5.0,5.0,4,0.0,yes
2068,Boeing 777,Couple Leisure,Business Class,TLV to LHR,2016-03-01 00:00:00,5.0,5.0,5.0,5.0,5.0,5,0.0,yes
2069,A319,Couple Leisure,Business Class,LGW to FCO,2016-03-01 00:00:00,3.0,5.0,3.0,0.0,3.0,2,0.0,yes
2070,A380 / Boeing 747-400,Business,Business Class,IAD to DXB via LHR,2016-03-01 00:00:00,3.0,4.0,3.0,3.0,4.0,3,0.0,yes
2071,Boeing 747-400,Solo Leisure,Economy Class,MIA to MAN via LHR,2016-03-01 00:00:00,3.0,2.0,1.0,1.0,4.0,1,0.0,no
2072,A321,Couple Leisure,Business Class,LHR to PSA,2016-03-01 00:00:00,1.0,4.0,3.0,0.0,3.0,1,0.0,no
2073,Boeing 777,Couple Leisure,Premium Economy,UVF to LGW,2016-03-01 00:00:00,2.0,1.0,1.0,1.0,2.0,1,0.0,no
2074,A320,Family Leisure,Economy Class,SVQ to LGW,2016-03-01 00:00:00,3.0,5.0,3.0,0.0,2.0,4,0.0,yes
2075,None,Family Leisure,Economy Class,OSL to LHR,2016-03-01 00:00:00,4.0,4.0,3.0,0.0,4.0,4,0.0,yes
2076,A319,Family Leisure,Economy Class,LGW to SVQ,2016-03-01 00:00:00,3.0,4.0,3.0,0.0,4.0,4,0.0,yes
2077,Boeing 787,Solo Leisure,Economy Class,BCN to SEL via LHR,2016-03-01 00:00:00,3.0,4.0,4.0,4.0,4.0,5,0.0,yes
2078,None,Couple Leisure,Business Class,IST to LHR,2016-03-01 00:00:00,1.0,3.0,3.0,0.0,4.0,2,0.0,no
2079,Boeing 777-200,Couple Leisure,Economy Class,LHR to IAH,2016-03-01 00:00:00,3.0,5.0,4.0,4.0,4.0,4,0.0,yes
2080,Boeing 747-400,Couple Leisure,First Class,LHR to DEN,2016-03-01 00:00:00,3.0,4.0,3.0,3.0,4.0,2,1.0,no
2081,Boeing 747-400 /A380,Solo Leisure,Economy Class,SEA to JNB via LHR,2016-03-01 00:00:00,3.0,4.0,4.0,2.0,4.0,4,0.0,yes
2082,Boeing 787,Solo Leisure,Economy Class,AUH to LHR,2016-03-01 00:00:00,2.0,5.0,1.0,4.0,4.0,4,0.0,yes
2083,A320,Solo Leisure,Business Class,LGW to AMS,2016-03-01 00:00:00,2.0,2.0,2.0,0.0,3.0,2,0.0,no
2084,Boeing 747-400,Solo Leisure,First Class,ORD to LHR,2016-03-01 00:00:00,5.0,5.0,5.0,5.0,5.0,5,0.0,yes
2085,A320,Solo Leisure,Business Class,LHR to AMS,2016-03-01 00:00:00,5.0,5.0,5.0,0.0,5.0,5,0.0,yes
2086,Boeing 777,Couple Leisure,Economy Class,PHL to LHR,2016-03-01 00:00:00,1.0,5.0,1.0,3.0,3.0,1,0.0,no
2087,A320 / Boeing 767,Business,Economy Class,LHR to EDI,2016-03-01 00:00:00,4.0,4.0,2.0,0.0,4.0,4,0.0,yes
2088,Boeing 777,Couple Leisure,Economy Class,PHL to LHR,2016-03-01 00:00:00,1.0,5.0,1.0,3.0,3.0,1,0.0,no
2089,Boeing 777-300,Solo Leisure,Premium Economy,SIN to LHR,2016-01-01 00:00:00,1.0,2.0,1.0,1.0,2.0,1,0.0,no
2090,Boeing 777,Couple Leisure,Premium Economy,LHR to NBO,2016-03-01 00:00:00,3.0,5.0,4.0,3.0,5.0,4,0.0,yes
2091,"A320, A380",Solo Leisure,Economy Class,ATH to LAX via LHR,2016-01-01 00:00:00,2.0,4.0,4.0,5.0,4.0,3,0.0,yes
2092,None,Solo Leisure,Business Class,LHR to PRG,2016-02-01 00:00:00,4.0,5.0,5.0,0.0,5.0,5,0.0,yes
2093,A320,Solo Leisure,Business Class,TRN to LGW,2016-02-01 00:00:00,4.0,5.0,5.0,0.0,4.0,5,0.0,yes
2094,None,Couple Leisure,Economy Class,AUS to LHR,2016-03-01 00:00:00,1.0,1.0,1.0,1.0,2.0,2,0.0,no
2095,"A320, Boeing 777",Couple Leisure,Economy Class,HEL to BOM via LHR,2016-03-01 00:00:00,5.0,5.0,5.0,5.0,5.0,5,0.0,yes
2096,Boeing 777,Couple Leisure,Premium Economy,PUJ to LGW,2016-03-01 00:00:00,2.0,3.0,3.0,2.0,4.0,3,0.0,yes
2097,A321,Business,Economy Class,LHR to SVO,2016-03-01 00:00:00,1.0,2.0,1.0,3.0,5.0,2,0.0,no
2098,A320,Solo Leisure,Economy Class,LHR to ZRH,2016-03-01 00:00:00,4.0,3.0,3.0,0.0,3.0,4,0.0,yes
2099,A321,Solo Leisure,Business Class,ZRH to LHR,2016-02-01 00:00:00,4.0,4.0,3.0,0.0,4.0,3,0.0,yes
2100,None,Business,Economy Class,AMS to LHR,2016-03-01 00:00:00,0.0,0.0,0.0,0.0,1.0,1,0.0,no
2101,A380,Couple Leisure,Premium Economy,MIA to LHR,2015-11-01 00:00:00,1.0,4.0,3.0,4.0,4.0,2,0.0,no
2102,Boeing 777,Business,Premium Economy,HKG to LHR,2016-03-01 00:00:00,3.0,3.0,3.0,3.0,1.0,1,0.0,no
2103,A319,Solo Leisure,Economy Class,LHR to EDI,2016-03-01 00:00:00,5.0,5.0,3.0,0.0,5.0,3,0.0,yes
2104,Boeing 777 ,Couple Leisure,Business Class,SYD to LHR via SIN,2016-02-01 00:00:00,1.0,2.0,0.0,3.0,2.0,1,0.0,no
2105,A380,Couple Leisure,Premium Economy,EDI to SFO via LHR,2015-09-01 00:00:00,5.0,4.0,5.0,5.0,4.0,5,0.0,yes
2106,None,Couple Leisure,Economy Class,LGW to PUJ,2016-03-01 00:00:00,1.0,2.0,4.0,2.0,4.0,3,0.0,yes
2107,Boeing 777,Couple Leisure,First Class,LHR to SIN,2016-03-01 00:00:00,5.0,4.0,3.0,5.0,3.0,5,0.0,yes
2108,None,Business,Business Class,LGW to RAK,2016-02-01 00:00:00,2.0,4.0,4.0,0.0,1.0,1,0.0,no
2109,Boeing 777,Couple Leisure,Premium Economy,LHR to GIG,2016-02-01 00:00:00,4.0,4.0,3.0,4.0,4.0,3,4.0,yes
2110,Boeing 747-400 / A380,Business,First Class,LHR to ORD,2016-02-01 00:00:00,1.0,1.0,1.0,1.0,1.0,1,1.0,no
2111,Boeing 767,Solo Leisure,Economy Class,LHR to ATH,2016-03-01 00:00:00,4.0,5.0,4.0,4.0,5.0,5,0.0,yes
2112,Boeing 747-400,Business,Economy Class,CPH to ACC via LHR,2016-02-01 00:00:00,4.0,4.0,4.0,4.0,3.0,5,0.0,yes
2113,A320,Solo Leisure,Business Class,LHR to MUC,2016-02-01 00:00:00,2.0,5.0,5.0,0.0,5.0,5,0.0,yes
2114,A320,Solo Leisure,Economy Class,ARN to LHR,2015-09-01 00:00:00,1.0,2.0,2.0,0.0,3.0,3,0.0,no
2115,A320,Business,Business Class,LHR to HEL,2016-03-01 00:00:00,3.0,4.0,2.0,0.0,4.0,2,0.0,no
2116,Boeing 777-200,Couple Leisure,Economy Class,EDI to PHL via LHR,2016-02-01 00:00:00,4.0,5.0,4.0,4.0,4.0,4,0.0,yes
2117,A320,Solo Leisure,Economy Class,VCE to LGW,2016-03-01 00:00:00,4.0,5.0,5.0,0.0,4.0,5,0.0,yes
2118,Boeing 787,Business,Business Class,LHR to MAA,2016-02-01 00:00:00,5.0,5.0,4.0,4.0,4.0,4,0.0,yes
2119,Boeing 777-200,Solo Leisure,Business Class,JFK to LHR,2016-03-01 00:00:00,4.0,5.0,4.0,4.0,5.0,4,0.0,yes
2120,Boeing 777-300ER,Solo Leisure,Economy Class,LHR to JFK,2016-02-01 00:00:00,4.0,4.0,3.0,4.0,4.0,4,0.0,yes
2121,"A320, Boeing 767-300",Business,Economy Class,LHR - EDI to LHR,2016-03-01 00:00:00,4.0,4.0,3.0,0.0,4.0,3,0.0,yes
2122,Boeing 777,Solo Leisure,Economy Class,JFK to LHR,2016-03-01 00:00:00,2.0,5.0,2.0,2.0,3.0,3,0.0,no
2123,Boeing 747-400,Couple Leisure,Economy Class,ACC to ZRH via LHR,2016-02-01 00:00:00,3.0,5.0,4.0,4.0,4.0,5,0.0,yes
2124,A320,Solo Leisure,Economy Class,OUL to LHR via HEL,2016-02-01 00:00:00,5.0,5.0,3.0,0.0,4.0,4,0.0,yes
2125,A319,Business,Business Class,LHR to AMS,2016-02-01 00:00:00,1.0,2.0,1.0,0.0,3.0,1,0.0,no
2126,A320,Solo Leisure,Business Class,OTP to LHR,2016-02-01 00:00:00,1.0,4.0,1.0,1.0,4.0,2,0.0,no
2127,A380,Business,Economy Class,IAD to LHR,2016-02-01 00:00:00,5.0,5.0,3.0,3.0,1.0,4,1.0,yes
2128,Boeing 747,Couple Leisure,Premium Economy,LHR to CPT,2016-02-01 00:00:00,3.0,2.0,2.0,1.0,4.0,1,0.0,no
2129,Boeing 777,Couple Leisure,First Class,MAN to GIG via LHR,2016-01-01 00:00:00,1.0,1.0,3.0,2.0,1.0,2,0.0,no
2130,None,Family Leisure,Premium Economy,Amsterdam to Orlando,2015-08-01 00:00:00,0.0,0.0,0.0,0.0,1.0,1,0.0,no
2131,"Boeing 777, A320, A380",Couple Leisure,Business Class,LAX to AMS via LHR,2016-02-01 00:00:00,4.0,5.0,3.0,4.0,5.0,5,0.0,yes
2132,Boeing 777,Couple Leisure,Economy Class,LGW to PUJ,2016-01-01 00:00:00,4.0,5.0,3.0,2.0,2.0,5,0.0,yes
2133,Boeing 777,Solo Leisure,Premium Economy,LGW to CUN,2016-02-01 00:00:00,4.0,1.0,3.0,3.0,3.0,3,0.0,no
2134,Boeing 787-9,Couple Leisure,First Class,KUL to LHR,2016-02-01 00:00:00,1.0,4.0,3.0,3.0,4.0,1,0.0,no
2135,Boeing 767,Couple Leisure,Economy Class,LHR to ATH,2016-02-01 00:00:00,5.0,5.0,5.0,0.0,5.0,5,0.0,yes
2136,Boeing 747,Family Leisure,Economy Class,LHR to YVR,2016-02-01 00:00:00,1.0,1.0,1.0,1.0,2.0,1,0.0,no
2137,Boeing 787 / 777,Business,Business Class,SEA to TLV via LHR,2016-02-01 00:00:00,3.0,3.0,2.0,2.0,2.0,2,0.0,no
2138,A320,Couple Leisure,Business Class,LGW to NAP,2016-02-01 00:00:00,2.0,5.0,4.0,0.0,2.0,3,0.0,yes
2139,A319,Solo Leisure,Economy Class,LHR to DUB,2016-02-01 00:00:00,5.0,3.0,3.0,0.0,3.0,4,0.0,yes
2140,Boeing 777,Solo Leisure,Business Class,LHR to YYZ,2016-02-01 00:00:00,0.0,0.0,0.0,0.0,3.0,1,0.0,no
2141,Boeing 777,Solo Leisure,Business Class,YYZ to LHR,2016-02-01 00:00:00,2.0,2.0,2.0,0.0,4.0,1,0.0,no
2142,A320,Couple Leisure,Economy Class,LGW to RAK,2016-02-01 00:00:00,3.0,4.0,2.0,0.0,4.0,4,0.0,yes
2143,Boeing 747,Family Leisure,Economy Class,YVR to LIS via LHR,2016-01-01 00:00:00,3.0,3.0,1.0,2.0,1.0,1,3.0,no
2144,A320,Solo Leisure,Business Class,LGW to GVA,2016-01-01 00:00:00,5.0,5.0,4.0,0.0,2.0,5,0.0,yes
2145,A380,Couple Leisure,First Class,LHR to MIa,2015-12-01 00:00:00,5.0,5.0,5.0,4.0,4.0,4,0.0,yes
2146,Boeing 747 400,Family Leisure,Business Class,EDI to LAS via LHR,2016-02-01 00:00:00,4.0,5.0,5.0,3.0,3.0,4,0.0,yes
2147,Boeing 777,Family Leisure,Business Class,LHR to DXB,2016-02-01 00:00:00,3.0,3.0,3.0,2.0,2.0,3,0.0,no
2148,A320,Solo Leisure,Economy Class,MXP to LHR,2015-12-01 00:00:00,4.0,4.0,4.0,0.0,3.0,4,0.0,yes
2149,A320,Solo Leisure,Economy Class,BCN to LHR,2016-01-01 00:00:00,3.0,5.0,4.0,0.0,4.0,3,0.0,yes
2150,Boeing 747-400,Business,Business Class,LHR to BOM,2016-02-01 00:00:00,4.0,5.0,4.0,3.0,4.0,5,0.0,yes
2151,Boeing 777,Solo Leisure,First Class,ATL to LHR,2015-11-01 00:00:00,5.0,5.0,5.0,5.0,4.0,4,0.0,yes
2152,Boeing 777-200,Business,Business Class,DOH to LHR via BAH,2015-12-01 00:00:00,4.0,4.0,4.0,3.0,3.0,4,0.0,yes
2153,None,Family Leisure,Economy Class,ZRH to LCY,2016-02-01 00:00:00,3.0,3.0,2.0,1.0,1.0,1,1.0,no
2154,Boeing 747-400,Business,Business Class,LHR to GRU,2016-01-01 00:00:00,3.0,4.0,2.0,2.0,4.0,3,0.0,no
2155,A320,Solo Leisure,Economy Class,KBP to LHR,2016-02-01 00:00:00,4.0,4.0,5.0,0.0,1.0,5,0.0,yes
2156,Boeing 747-400,Family Leisure,Economy Class,YVR to LHR,2016-02-01 00:00:00,2.0,1.0,2.0,3.0,3.0,2,0.0,no
2157,A320,Couple Leisure,Economy Class,GLA to LHR,2016-01-01 00:00:00,4.0,5.0,5.0,0.0,5.0,5,0.0,yes
2158,"A380, Boeing 747 and Boeing 777",Solo Leisure,Economy Class,JNB to JFK via LHR,2016-01-01 00:00:00,4.0,5.0,4.0,3.0,5.0,4,0.0,yes
2159,Boeing 777-200,Couple Leisure,First Class,GIG to LHR,2016-02-01 00:00:00,3.0,4.0,3.0,4.0,3.0,3,0.0,no
2160,None,Couple Leisure,Premium Economy,LHR to YYC,2016-02-01 00:00:00,1.0,1.0,0.0,0.0,1.0,1,0.0,no
2161,A380,Couple Leisure,First Class,LHR to SIN,2016-01-01 00:00:00,3.0,4.0,4.0,3.0,3.0,3,0.0,no
2162,"A320, A380, Boeing 777-300",Couple Leisure,Economy Class,WAW to HKG via LHR,2016-01-01 00:00:00,3.0,3.0,4.0,4.0,4.0,4,0.0,yes
2163,Boeing 777,Business,First Class,LHR to EWR,2016-01-01 00:00:00,5.0,5.0,5.0,5.0,4.0,4,0.0,yes
2164,A318,Solo Leisure,Business Class,LCY to JFK,2015-10-01 00:00:00,3.0,5.0,1.0,2.0,5.0,5,0.0,yes
2165,Boeing 777-200,Solo Leisure,Economy Class,LHR to BOS,2016-01-01 00:00:00,2.0,2.0,1.0,2.0,1.0,2,0.0,no
2166,None,Solo Leisure,Economy Class,YVR to NBO via LHR,2015-12-01 00:00:00,2.0,2.0,2.0,2.0,1.0,3,0.0,no
2167,None,Couple Leisure,Economy Class,EDI to LGW,2016-01-01 00:00:00,4.0,4.0,4.0,0.0,1.0,4,0.0,no
2168,Boeing 777,Couple Leisure,Business Class,LHR to GIG,2016-01-01 00:00:00,4.0,5.0,4.0,3.0,4.0,4,0.0,yes
2169,Boeing 777,Couple Leisure,Business Class,LGW to MLE,2016-01-01 00:00:00,1.0,1.0,1.0,1.0,1.0,1,1.0,no
2170,None,Family Leisure,Economy Class,GLA to CDG via LHR,2016-01-01 00:00:00,4.0,5.0,4.0,0.0,4.0,4,0.0,yes
2171,None,Couple Leisure,Economy Class,LHR to CPT,2016-01-01 00:00:00,3.0,3.0,2.0,2.0,5.0,2,0.0,no
2172,A380,Couple Leisure,Business Class,JNB to LHR,2016-01-01 00:00:00,3.0,2.0,2.0,2.0,1.0,1,1.0,no
2173,Boeing 747-400,Couple Leisure,Economy Class,GLA to JFK via LHR,2015-12-01 00:00:00,4.0,5.0,5.0,5.0,4.0,5,0.0,yes
2174,Boeing 747-400,Solo Leisure,Premium Economy,KWI to EDI via LHR,2015-12-01 00:00:00,5.0,5.0,5.0,5.0,5.0,5,0.0,yes
2175,Boeing 747-400,Solo Leisure,Premium Economy,YVR to LHR,2016-01-01 00:00:00,3.0,3.0,1.0,1.0,4.0,2,1.0,no
2176,A380,Solo Leisure,Premium Economy,LHR to SFO via EDI,2016-01-01 00:00:00,1.0,1.0,0.0,0.0,1.0,1,0.0,no
2177,Embraer 190,Solo Leisure,Economy Class,FRA to LCY,2015-10-01 00:00:00,5.0,5.0,4.0,0.0,2.0,3,0.0,yes
2178,A320,Solo Leisure,Economy Class,LGW to SZG,2015-09-01 00:00:00,4.0,4.0,3.0,0.0,3.0,4,0.0,yes
2179,A380,Family Leisure,Premium Economy,MIA to MAN via LHR,2016-01-01 00:00:00,2.0,1.0,1.0,1.0,1.0,1,0.0,no
2180,Boeing 777,Couple Leisure,Economy Class,BKK to LHR,2015-12-01 00:00:00,2.0,2.0,1.0,1.0,3.0,2,1.0,no
2181,A380,Solo Leisure,Economy Class,HKG to LHR,2015-09-01 00:00:00,4.0,5.0,3.0,3.0,4.0,4,0.0,yes
2182,None,Business,Economy Class,LBA to LHR,2016-01-01 00:00:00,1.0,5.0,3.0,0.0,5.0,3,0.0,no
2183,Boeing 767,Solo Leisure,Economy Class,AMS to LHR,2016-01-01 00:00:00,4.0,4.0,4.0,0.0,5.0,4,0.0,yes
2184,Boeing 777-300ER,Solo Leisure,First Class,HKG to LHR,2015-12-01 00:00:00,5.0,4.0,2.0,0.0,3.0,2,0.0,no
2185,Boeing 747,Solo Leisure,Business Class,CPT to LHR,2015-02-01 00:00:00,4.0,3.0,4.0,4.0,4.0,4,0.0,yes
2186,None,Family Leisure,Economy Class,MCO to LHR via MIA,2016-01-01 00:00:00,4.0,3.0,2.0,3.0,1.0,1,0.0,no
2187,A380,Solo Leisure,Economy Class,LHR to SFO,2016-01-01 00:00:00,4.0,5.0,5.0,5.0,4.0,4,0.0,yes
2188,None,Business,Economy Class,CPH to LHR,2015-12-01 00:00:00,2.0,1.0,1.0,1.0,3.0,3,0.0,no
2189,None,Couple Leisure,Economy Class,LHR to LAS,2015-09-01 00:00:00,2.0,1.0,1.0,1.0,3.0,2,1.0,no
2190,Boeing 777,Couple Leisure,Business Class,BKK to LHR,2016-01-01 00:00:00,2.0,3.0,2.0,3.0,3.0,3,1.0,yes
2191,Boeing 777-300,Solo Leisure,Economy Class,LHR to JED,2016-01-01 00:00:00,3.0,4.0,4.0,4.0,3.0,4,0.0,yes
2192,A320,Couple Leisure,Business Class,FNC to LGW,2015-12-01 00:00:00,1.0,2.0,1.0,0.0,2.0,1,0.0,no
2193,None,Business,Business Class,LHR to JFK,2015-10-01 00:00:00,3.0,1.0,1.0,1.0,1.0,2,1.0,no
2194,Boeing 777-200,Family Leisure,Premium Economy,iAH to LHR,2015-12-01 00:00:00,3.0,3.0,3.0,2.0,3.0,2,0.0,no
2195,A320/A321,Family Leisure,Economy Class,OTP to LHR,2015-12-01 00:00:00,4.0,4.0,4.0,0.0,3.0,5,0.0,yes
2196,Boeing 777-200,Couple Leisure,Business Class,YYZ to LHR,2015-12-01 00:00:00,2.0,2.0,2.0,4.0,4.0,4,0.0,no
2197,Boeing 747,Couple Leisure,First Class,LHR to MEX,2016-01-01 00:00:00,4.0,5.0,4.0,4.0,4.0,5,0.0,yes
2198,None,Family Leisure,First Class,LAS to LHR,2015-12-01 00:00:00,1.0,2.0,3.0,1.0,2.0,1,0.0,no
2199,Boeing 777,Couple Leisure,Premium Economy,MUC to JFK via LHR,2016-01-01 00:00:00,3.0,3.0,4.0,4.0,5.0,4,0.0,yes
2200,A320,Couple Leisure,Economy Class,LHR to PSA,2015-12-01 00:00:00,4.0,2.0,1.0,0.0,1.0,1,0.0,no
2201,Boeing 767,Couple Leisure,Economy Class,LHR to GLA,2016-01-01 00:00:00,3.0,3.0,2.0,0.0,2.0,1,0.0,no
2202,A320,Couple Leisure,Economy Class,MLA to LGW,2016-01-01 00:00:00,4.0,4.0,4.0,0.0,4.0,5,0.0,yes
2203,A380,Couple Leisure,Economy Class,JNB to DUB via LHR,2015-12-01 00:00:00,3.0,5.0,4.0,1.0,3.0,4,0.0,no
2204,A320 / Boeing 787,Solo Leisure,Economy Class,TLV to PHL via LHR,2015-11-01 00:00:00,3.0,4.0,4.0,5.0,4.0,1,0.0,yes
2205,Boeing 787,Family Leisure,Economy Class,NCE to YUL via LHR,2016-01-01 00:00:00,5.0,5.0,4.0,4.0,5.0,5,0.0,yes
2206,Boeing 777,Solo Leisure,Economy Class,BKK to LHR,2016-01-01 00:00:00,1.0,1.0,1.0,1.0,2.0,1,0.0,no
2207,None,Couple Leisure,Premium Economy,LGW to PUJ,2015-12-01 00:00:00,1.0,1.0,1.0,1.0,1.0,1,0.0,no
2208,None,Family Leisure,Economy Class,LHR to JNB,2015-12-01 00:00:00,1.0,4.0,1.0,3.0,3.0,1,0.0,no
2209,Boeing 747,Solo Leisure,Economy Class,YVR-LIS via LHR,2015-06-01 00:00:00,3.0,3.0,3.0,2.0,4.0,3,0.0,no
2210,Boeing 777,Family Leisure,Business Class,LHR to DEL,2015-12-01 00:00:00,4.0,4.0,4.0,4.0,5.0,4,0.0,yes
2211,B767 / A380,Business,Business Class,MAD to LAX via LHR,2015-11-01 00:00:00,4.0,5.0,5.0,5.0,5.0,4,0.0,yes
2212,Boeing 777,Couple Leisure,Business Class,CPH to ORD via LHR,2015-12-01 00:00:00,2.0,3.0,1.0,1.0,1.0,1,1.0,no
2213,A320,Solo Leisure,Economy Class,VIE to NCL via LHR,2015-11-01 00:00:00,3.0,3.0,3.0,0.0,4.0,2,0.0,yes
2214,A320,Solo Leisure,Economy Class,LHR to BCN,2015-12-01 00:00:00,3.0,3.0,3.0,0.0,4.0,4,0.0,yes
2215,A319,Solo Leisure,Economy Class,LHR to NCL,2015-12-01 00:00:00,2.0,3.0,1.0,0.0,4.0,1,0.0,no
2216,Boeing 777,Solo Leisure,Economy Class,JED to LHR,2015-12-01 00:00:00,4.0,5.0,5.0,4.0,4.0,5,0.0,yes
2217,A320,Couple Leisure,Economy Class,LIS to LHR,2015-12-01 00:00:00,3.0,1.0,3.0,1.0,3.0,3,0.0,no
2218,None,Business,Economy Class,New York to London,2015-12-01 00:00:00,4.0,4.0,3.0,3.0,1.0,1,0.0,no
2219,Boeing 747-400,Solo Leisure,Business Class,LHR to YVR,2015-12-01 00:00:00,4.0,4.0,3.0,1.0,3.0,2,0.0,no
2220,None,Couple Leisure,Premium Economy,Gatwick to Las Vegas,2015-10-01 00:00:00,4.0,2.0,1.0,1.0,3.0,2,0.0,no
2221,None,Family Leisure,Premium Economy,CPT to GVA via LHR,2015-12-01 00:00:00,1.0,3.0,3.0,1.0,2.0,2,1.0,no
2222,Boeing 747-400,Business,Economy Class,London to Vancouver,2015-12-01 00:00:00,2.0,4.0,3.0,2.0,1.0,2,0.0,no
2223,Boeing 747-400,Family Leisure,Economy Class,LHR to BOM,2015-12-01 00:00:00,1.0,1.0,2.0,1.0,3.0,1,0.0,no
2224,Boeing 777-200,Couple Leisure,Business Class,LGW to MCO,2015-12-01 00:00:00,5.0,5.0,5.0,4.0,4.0,5,0.0,yes
2225,None,Couple Leisure,Economy Class,GLA to MUC via LHR,2015-12-01 00:00:00,4.0,5.0,4.0,0.0,5.0,5,0.0,yes
2226,None,Couple Leisure,Economy Class,LHR to BKK,2015-09-01 00:00:00,1.0,4.0,3.0,1.0,2.0,1,1.0,no
2227,None,Couple Leisure,Economy Class,LGW to SSH,2015-12-01 00:00:00,0.0,0.0,0.0,0.0,1.0,1,0.0,no
2228,None,Couple Leisure,First Class,PHX to LHR,2015-12-01 00:00:00,4.0,2.0,2.0,1.0,1.0,2,0.0,no
2229,Embraer170,Family Leisure,Economy Class,LCY to GVA,2015-12-01 00:00:00,4.0,5.0,4.0,0.0,4.0,4,0.0,yes
2230,Boeing 747-400,Couple Leisure,Business Class,GRU to LHR,2015-12-01 00:00:00,5.0,5.0,5.0,3.0,5.0,5,0.0,yes
2231,None,Family Leisure,Economy Class,Prague to New York via London,2015-12-01 00:00:00,5.0,5.0,2.0,5.0,4.0,4,0.0,yes
2232,Boeing 777-300,Solo Leisure,Economy Class,Madrid to Sydney via LHR,2015-12-01 00:00:00,4.0,1.0,3.0,4.0,4.0,4,0.0,yes
2233,A380,Couple Leisure,Business Class,Heathrow to Johannesburg,2015-10-01 00:00:00,2.0,4.0,3.0,2.0,2.0,3,0.0,no
2234,A320,Couple Leisure,Business Class,LGW to BCN,2015-11-01 00:00:00,4.0,5.0,5.0,0.0,5.0,5,0.0,yes
2235,None,Solo Leisure,Economy Class,Salzburg to London Gatwick,2015-12-01 00:00:00,2.0,1.0,1.0,0.0,2.0,1,0.0,no
2236,A320,Couple Leisure,Business Class,LHR to AMS,2015-12-01 00:00:00,5.0,5.0,5.0,0.0,5.0,5,0.0,yes
2237,A380,Solo Leisure,Business Class,London to Los Angeles,2015-12-01 00:00:00,3.0,3.0,2.0,2.0,3.0,1,0.0,no
2238,Boeing 777,Couple Leisure,Premium Economy,GIG to LHR,2015-11-01 00:00:00,3.0,2.0,2.0,1.0,2.0,1,0.0,no
2239,Boeing 747,Couple Leisure,Business Class,LHR to YVR,2015-12-01 00:00:00,5.0,5.0,5.0,5.0,5.0,5,5.0,yes
2240,A319,Business,Economy Class,Newcastle to Heathrow,2015-12-01 00:00:00,4.0,5.0,0.0,0.0,5.0,5,0.0,yes
2241,Boeing 777-200,Couple Leisure,Business Class,MAN to JFK via LHR,2015-12-01 00:00:00,4.0,5.0,5.0,4.0,5.0,5,0.0,yes
2242,None,Business,Business Class,BKK to LHR,2015-08-01 00:00:00,2.0,5.0,5.0,3.0,1.0,4,0.0,yes
2243,None,Family Leisure,Economy Class,GIG to LHR,2015-12-01 00:00:00,4.0,5.0,4.0,5.0,5.0,5,0.0,yes
2244,Boeing 777,Business,Premium Economy,LHR to AUS,2015-11-01 00:00:00,3.0,3.0,2.0,3.0,1.0,1,1.0,no
2245,None,Solo Leisure,Economy Class,London Gatwick to Salzburg,2015-12-01 00:00:00,2.0,1.0,1.0,0.0,1.0,1,0.0,no
2246,Boeing 777,Couple Leisure,Economy Class,Punta Cana to London,2015-12-01 00:00:00,3.0,1.0,1.0,1.0,3.0,2,1.0,no
2247,Boeing 777-300,Couple Leisure,Economy Class,LHR to SIN,2015-12-01 00:00:00,5.0,5.0,5.0,5.0,5.0,5,0.0,yes
2248,None,Solo Leisure,Economy Class,LHR to MAN,2015-12-01 00:00:00,5.0,5.0,5.0,0.0,5.0,5,0.0,yes
2249,Boeing 777,Solo Leisure,Premium Economy,SEA to LHR,2015-11-01 00:00:00,4.0,3.0,3.0,4.0,2.0,4,0.0,yes
2250,Boeing 747,Solo Leisure,Economy Class,LHR to SEA,2015-12-01 00:00:00,2.0,3.0,5.0,2.0,5.0,3,0.0,yes
2251,Boeing 777,Couple Leisure,Business Class,BKK to LHR,2015-12-01 00:00:00,5.0,5.0,5.0,4.0,5.0,5,0.0,yes
2252,A320,Solo Leisure,Business Class,TXL to LHR,2015-12-01 00:00:00,5.0,5.0,5.0,0.0,4.0,4,0.0,yes
2253,None,Solo Leisure,First Class,JFK to London,2015-08-01 00:00:00,5.0,4.0,2.0,2.0,2.0,1,0.0,no
2254,Boeing 777-200,Couple Leisure,Business Class,London Gatwick to Punta Cana,2015-12-01 00:00:00,5.0,5.0,5.0,4.0,5.0,5,0.0,yes
2255,Boeing 777-200,Solo Leisure,Economy Class,LGW to TPA,2015-12-01 00:00:00,3.0,4.0,4.0,4.0,4.0,4,0.0,yes
2256,Boeing 747-400,Solo Leisure,Economy Class,Heathrow to Cape Town,2015-12-01 00:00:00,4.0,5.0,5.0,4.0,5.0,4,0.0,yes
2257,None,Couple Leisure,Economy Class,Gatwick to Funchal,2015-12-01 00:00:00,1.0,4.0,1.0,0.0,3.0,1,0.0,no
2258,Boeing 747-400,Solo Leisure,Economy Class,London to Chicago,2015-11-01 00:00:00,3.0,3.0,2.0,0.0,3.0,3,0.0,yes
2259,Boeing 777,Couple Leisure,Premium Economy,Gatwick to Las Vegas,2015-12-01 00:00:00,4.0,4.0,3.0,3.0,4.0,3,1.0,yes
2260,Boeing 777 / A319,Solo Leisure,First Class,HND to BRU via LHR,2015-11-01 00:00:00,3.0,4.0,2.0,2.0,4.0,3,0.0,yes
2261,Boeing 747-400,Business,First Class,LAS to LHR,2015-11-01 00:00:00,3.0,5.0,2.0,1.0,1.0,1,0.0,no
2262,Boeing 777,Couple Leisure,Business Class,Tampa to Gatwick,2015-11-01 00:00:00,4.0,4.0,3.0,2.0,3.0,4,0.0,yes
2263,Boeing 747-400,Couple Leisure,Premium Economy,LHR to MIA,2015-11-01 00:00:00,4.0,3.0,3.0,2.0,3.0,3,0.0,yes
2264,None,Couple Leisure,Economy Class,LHR to LAS,2015-07-01 00:00:00,1.0,4.0,1.0,0.0,1.0,1,1.0,no
2265,Boeing 747-400,Couple Leisure,Economy Class,JFK to LHR,2015-11-01 00:00:00,2.0,3.0,3.0,4.0,4.0,3,0.0,yes
2266,Boeing 777,Couple Leisure,Economy Class,YUL to FCO via LHR,2015-10-01 00:00:00,4.0,3.0,1.0,1.0,1.0,1,0.0,no
2267,Boeing 777-200,Couple Leisure,Premium Economy,LHR to KUL,2015-11-01 00:00:00,3.0,2.0,2.0,2.0,3.0,3,0.0,no
2268,Boeing 777,Family Leisure,Economy Class,IAD to DXB via LHR,2015-11-01 00:00:00,1.0,4.0,4.0,4.0,3.0,4,0.0,yes
2269,Boeing 747-400,Solo Leisure,Economy Class,EDI to LAS via LHR,2015-11-01 00:00:00,3.0,5.0,5.0,4.0,5.0,5,0.0,yes
2270,A320,Solo Leisure,Economy Class,MAD to LHR,2015-11-01 00:00:00,5.0,5.0,4.0,0.0,4.0,4,0.0,yes
2271,A320,Couple Leisure,Business Class,LHR to IST,2015-10-01 00:00:00,1.0,4.0,1.0,0.0,2.0,1,0.0,no
2272,None,Couple Leisure,Economy Class,London to Barbados,2015-11-01 00:00:00,2.0,2.0,1.0,2.0,3.0,2,1.0,no
2273,Boeing 777-200,Couple Leisure,Premium Economy,GLA to BKK via LHR,2015-10-01 00:00:00,2.0,1.0,3.0,1.0,2.0,2,1.0,no
2274,None,Solo Leisure,Premium Economy,LHR to BNE via SIN,2015-10-01 00:00:00,2.0,4.0,2.0,2.0,3.0,3,0.0,no
2275,Boeing 777-300ER,Business,Economy Class,MAN to BOM via LHR,2015-01-01 00:00:00,3.0,1.0,1.0,2.0,4.0,4,0.0,yes
2276,None,Couple Leisure,Economy Class,Rome to London,2015-11-01 00:00:00,3.0,5.0,4.0,0.0,1.0,2,0.0,no
2277,Boeing 777,Couple Leisure,Business Class,Bangkok to London,2015-11-01 00:00:00,4.0,2.0,2.0,0.0,3.0,2,1.0,no
2278,A319,Business,Economy Class,LGW to AMS,2015-11-01 00:00:00,1.0,2.0,1.0,0.0,1.0,3,0.0,no
2279,A380,Couple Leisure,First Class,Heathrow to Singapore,2015-11-01 00:00:00,5.0,5.0,5.0,5.0,5.0,5,0.0,yes
2280,A320/321,Couple Leisure,Business Class,LHR to Krakow,2015-11-01 00:00:00,2.0,5.0,4.0,0.0,2.0,3,0.0,yes
2281,A380,Solo Leisure,Premium Economy,BSL to JNB via LHR,2015-11-01 00:00:00,4.0,5.0,4.0,5.0,4.0,4,0.0,yes
2282,Boeing 747-400,Solo Leisure,Economy Class,London to Vancouver,2015-08-01 00:00:00,3.0,4.0,5.0,5.0,2.0,3,1.0,yes
2283,A380 / Boeing 747-400,Couple Leisure,Premium Economy,LHR to SFO,2015-11-01 00:00:00,4.0,5.0,5.0,4.0,3.0,5,0.0,yes
2284,None,Couple Leisure,Economy Class,Vienna to London,2015-11-01 00:00:00,3.0,3.0,2.0,0.0,2.0,1,0.0,no
2285,Boeing 747-400,Business,Business Class,LHR to GRU,2015-11-01 00:00:00,1.0,2.0,1.0,1.0,3.0,1,0.0,no
2286,Boeing 777,Couple Leisure,Premium Economy,LGW to Grenada,2015-11-01 00:00:00,3.0,3.0,3.0,2.0,3.0,3,2.0,yes
2287,Boeing 767 / A320,Business,Economy Class,LHR to EDI,2015-11-01 00:00:00,4.0,4.0,4.0,0.0,4.0,4,0.0,yes
2288,None,Couple Leisure,Business Class,LHR to DXB,2015-11-01 00:00:00,3.0,4.0,3.0,3.0,3.0,3,0.0,yes
2289,None,Business,Economy Class,LHR to MUC,2015-11-01 00:00:00,0.0,0.0,0.0,0.0,1.0,1,0.0,no
2290,Boeing 777,Couple Leisure,Business Class,Tampa to Gatwick,2015-11-01 00:00:00,4.0,4.0,3.0,2.0,3.0,4,0.0,yes
2291,A319,Solo Leisure,Business Class,FCO to LGW,2015-11-01 00:00:00,3.0,2.0,4.0,0.0,2.0,4,0.0,yes
2292,Boeing 747-400,Couple Leisure,Premium Economy,LHR to MIA,2015-11-01 00:00:00,4.0,3.0,3.0,2.0,3.0,3,0.0,yes
2293,A320,Business,Business Class,Hannover to LHR,2015-11-01 00:00:00,2.0,4.0,1.0,0.0,1.0,1,0.0,no
2294,None,Business,Economy Class,DUB to LCY,2015-11-01 00:00:00,3.0,4.0,0.0,0.0,1.0,1,0.0,no
2295,A320,Business,Business Class,LHR to Hannover,2015-11-01 00:00:00,2.0,4.0,1.0,0.0,3.0,2,0.0,no
2296,Boeing 777,Solo Leisure,Business Class,LHR to DXB,2015-11-01 00:00:00,2.0,4.0,3.0,3.0,4.0,4,0.0,yes
2297,Boeing 777,Solo Leisure,First Class,Heathrow to Houston,2015-11-01 00:00:00,5.0,5.0,3.0,4.0,5.0,4,0.0,yes
2298,A319,Business,Economy Class,Kiev to Dublin via LHR,2015-11-01 00:00:00,2.0,2.0,1.0,0.0,2.0,1,0.0,no
2299,Boeing 777-300,Business,Premium Economy,Sydney to Singapore,2015-10-01 00:00:00,4.0,5.0,4.0,4.0,4.0,4,0.0,yes
2300,A320,Solo Leisure,Economy Class,ATH to LHR,2015-09-01 00:00:00,4.0,5.0,4.0,0.0,3.0,4,0.0,yes
2301,None,Business,Economy Class,LCY to ZRH,2015-11-01 00:00:00,2.0,2.0,2.0,1.0,1.0,1,0.0,no
2302,None,Solo Leisure,Economy Class,GLA to FCO via LHR,2015-11-01 00:00:00,5.0,5.0,4.0,0.0,5.0,5,0.0,yes
2303,Boeing 747-400,Couple Leisure,First Class,CPT to LHR,2015-11-01 00:00:00,5.0,2.0,2.0,1.0,4.0,3,0.0,no
2304,Boeing 777-200,Couple Leisure,Business Class,LHR to LAX,2015-11-01 00:00:00,3.0,3.0,2.0,4.0,5.0,3,0.0,no
2305,Boeing 777-300,Business,Business Class,LHR to EZE,2015-11-01 00:00:00,1.0,1.0,3.0,1.0,3.0,3,1.0,no
2306,None,Couple Leisure,Economy Class,Mauritius to London,2015-11-01 00:00:00,2.0,2.0,3.0,3.0,3.0,3,2.0,yes
2307,Boeing 777,Family Leisure,Economy Class,Gatwick to Orlando,2015-10-01 00:00:00,3.0,5.0,2.0,3.0,1.0,3,1.0,no
2308,None,Family Leisure,Economy Class,Heathrow to Las Vegas,2015-11-01 00:00:00,2.0,1.0,1.0,4.0,3.0,1,0.0,no
2309,A320,Solo Leisure,Economy Class,Rome to Heathrow,2015-10-01 00:00:00,5.0,4.0,2.0,0.0,5.0,2,0.0,no
2310,A320/319,Solo Leisure,Economy Class,Gatwick to Venice,2015-11-01 00:00:00,4.0,5.0,4.0,0.0,5.0,5,0.0,yes
2311,Boeing 777,Couple Leisure,Business Class,London to Luanda,2015-11-01 00:00:00,1.0,4.0,3.0,3.0,4.0,3,0.0,no
2312,Boeing 747-400,Family Leisure,Economy Class,Denver to Heathrow,2015-11-01 00:00:00,4.0,2.0,1.0,1.0,2.0,2,0.0,no
2313,Boeing 777-200,Business,Business Class,BKK to LHR,2015-11-01 00:00:00,1.0,2.0,2.0,1.0,4.0,3,0.0,no
2314,None,Couple Leisure,Business Class,London to Tampa,2015-09-01 00:00:00,0.0,0.0,0.0,0.0,1.0,1,0.0,no
2315,Boeing 777-300,Couple Leisure,First Class,London to Sydney,2015-11-01 00:00:00,4.0,5.0,4.0,4.0,5.0,5,0.0,yes
2316,Boeing 747-400,Couple Leisure,First Class,LHR to CPT,2015-10-01 00:00:00,5.0,5.0,4.0,4.0,4.0,4,0.0,yes
2317,None,Business,Economy Class,BLR to LHR,2015-11-01 00:00:00,3.0,1.0,1.0,1.0,4.0,1,0.0,no
2318,Boeing 777,Couple Leisure,Business Class,London to Kuala Lumpur,2015-10-01 00:00:00,4.0,4.0,2.0,3.0,5.0,3,0.0,no
2319,Boeing 747-400,Business,Premium Economy,NCE to LAS via LHR,2015-11-01 00:00:00,4.0,3.0,2.0,2.0,4.0,4,0.0,yes
2320,None,Business,Economy Class,Washington to London,2015-11-01 00:00:00,0.0,0.0,0.0,0.0,1.0,1,0.0,no
2321,Boeing 777,Solo Leisure,First Class,Singapore to Sydney,2015-05-01 00:00:00,4.0,5.0,4.0,4.0,4.0,5,0.0,yes
2322,None,Solo Leisure,Economy Class,Gatwick to Cancun,2015-11-01 00:00:00,2.0,1.0,1.0,1.0,1.0,1,0.0,no
2323,None,Solo Leisure,Economy Class,DFW to DEL via LHR,2015-11-01 00:00:00,1.0,1.0,0.0,0.0,1.0,1,0.0,no
2324,A320 / A380,Family Leisure,Economy Class,GOT to LAX via LHR,2015-10-01 00:00:00,4.0,5.0,0.0,4.0,4.0,5,0.0,yes
2325,None,Solo Leisure,Economy Class,London to Delhi,2015-10-01 00:00:00,3.0,1.0,1.0,3.0,2.0,2,2.0,no
2326,None,Solo Leisure,Economy Class,Heathrow to Moscow,2015-09-01 00:00:00,0.0,0.0,0.0,0.0,1.0,1,0.0,no
2327,A320,Business,Business Class,Istanbul to London,2015-11-01 00:00:00,1.0,3.0,1.0,1.0,1.0,1,0.0,no
2328,A319 / Boeing 777-300,Solo Leisure,Economy Class,GVA to PEK via LHR,2015-10-01 00:00:00,4.0,5.0,5.0,5.0,2.0,5,0.0,yes
2329,Boeing 777,Couple Leisure,Business Class,LHR to NBO,2015-11-01 00:00:00,5.0,5.0,4.0,4.0,5.0,5,0.0,yes
2330,Boeing 777,Business,First Class,SEA to AUH via LHR,2015-10-01 00:00:00,3.0,2.0,3.0,2.0,3.0,3,0.0,no
2331,Boeing 787,Solo Leisure,Premium Economy,Newark to Heathrow,2015-11-01 00:00:00,1.0,3.0,4.0,0.0,2.0,2,0.0,no
2332,None,Family Leisure,Economy Class,Venice to Gatwick,2015-11-01 00:00:00,3.0,4.0,3.0,0.0,1.0,4,0.0,yes
2333,Boeing 747-400,Family Leisure,Economy Class,Heathrow to Las Vegas,2015-10-01 00:00:00,3.0,5.0,4.0,3.0,4.0,3,1.0,yes
2334,A320,Solo Leisure,Economy Class,Lisbon to London,2015-11-01 00:00:00,4.0,5.0,5.0,0.0,4.0,5,0.0,yes
2335,Boeing 777,Solo Leisure,Business Class,PHL to ATH via LHR,2015-10-01 00:00:00,3.0,1.0,1.0,0.0,4.0,2,0.0,no
2336,None,Solo Leisure,Economy Class,Vienna to London,2015-09-01 00:00:00,4.0,5.0,4.0,0.0,5.0,5,0.0,yes
2337,Boeing 777,Business,Business Class,SIN to LHR,2015-11-01 00:00:00,3.0,1.0,1.0,3.0,1.0,3,1.0,no
2338,A380,Couple Leisure,Business Class,MIA to LHR,2015-10-01 00:00:00,4.0,5.0,3.0,4.0,2.0,3,1.0,no
2339,Boeing 747-400,Solo Leisure,Economy Class,SFO to LHR,2015-09-01 00:00:00,3.0,3.0,3.0,2.0,5.0,5,0.0,yes
2340,None,Family Leisure,Economy Class,SSH to LGW,2015-10-01 00:00:00,4.0,3.0,1.0,0.0,4.0,3,0.0,yes
2341,Boeing 777-200,Couple Leisure,Premium Economy,London Heathrow to Bangkok,2015-10-01 00:00:00,2.0,2.0,3.0,1.0,2.0,1,2.0,no
2342,A380,Solo Leisure,Premium Economy,SFO to LHR,2015-10-01 00:00:00,4.0,4.0,4.0,4.0,4.0,4,0.0,yes
2343,A321,Business,Economy Class,London Heathrow to Milan Malpensa,2015-10-01 00:00:00,4.0,5.0,5.0,0.0,4.0,3,0.0,yes
2344,Boeing 787-800,Solo Leisure,Business Class,LHR to Chengdu,2015-03-01 00:00:00,4.0,1.0,2.0,4.0,2.0,3,0.0,yes
2345,Boeing 777-300ER,Business,Business Class,Tokyo Narita to LHR,2015-01-01 00:00:00,4.0,3.0,2.0,3.0,4.0,4,0.0,yes
2346,Boeing 777-300ER,Business,First Class,LHR to Tokyo Narita,2015-01-01 00:00:00,5.0,5.0,5.0,5.0,4.0,5,0.0,yes
2347,Boeing 747- 400,Couple Leisure,Economy Class,MAN to LAS via LHR,2015-10-01 00:00:00,1.0,4.0,3.0,2.0,1.0,2,0.0,no
2348,Boeing 777,Solo Leisure,Premium Economy,Heathrow (London) to JFK (New York City),2015-10-01 00:00:00,4.0,3.0,4.0,3.0,3.0,4,0.0,yes
2349,A380,Solo Leisure,Economy Class,LHR to SFO,2015-09-01 00:00:00,5.0,4.0,4.0,4.0,5.0,4,0.0,yes
2350,Boeing 787,Couple Leisure,Economy Class,London to Chennai,2015-10-01 00:00:00,5.0,5.0,5.0,5.0,4.0,5,5.0,yes
2351,None,Couple Leisure,Business Class,LHR to Venice,2015-10-01 00:00:00,4.0,4.0,5.0,0.0,4.0,4,0.0,yes
2352,None,Solo Leisure,Economy Class,SFO to EDI via LHR,2015-09-01 00:00:00,2.0,3.0,3.0,4.0,1.0,2,0.0,no
2353,Boeing 747-400,Business,Premium Economy,London to Phoenix,2015-10-01 00:00:00,4.0,5.0,4.0,3.0,3.0,4,0.0,yes
2354,None,Solo Leisure,Economy Class,Antigua to St Kitts,2015-09-01 00:00:00,1.0,1.0,0.0,0.0,1.0,1,0.0,no
2355,Boeing 747-400,Couple Leisure,Premium Economy,SFO to LHR,2015-10-01 00:00:00,2.0,4.0,2.0,2.0,2.0,1,0.0,no
2356,None,Couple Leisure,Economy Class,LHR to JNB,2015-01-01 00:00:00,3.0,4.0,0.0,0.0,1.0,2,0.0,no
2357,Boeing 777,Couple Leisure,Economy Class,Orlando to London,2015-10-01 00:00:00,2.0,1.0,2.0,2.0,4.0,3,0.0,no
2358,B0eing 747-400,Business,Economy Class,London to Cape Town,2015-10-01 00:00:00,1.0,2.0,3.0,2.0,4.0,1,0.0,no
2359,Boeing 777-200,Business,Business Class,Heathrow to Haneda,2015-10-01 00:00:00,2.0,5.0,4.0,2.0,2.0,3,0.0,no
2360,A319,Solo Leisure,Economy Class,LHR to GVA,2015-10-01 00:00:00,4.0,4.0,2.0,0.0,1.0,4,0.0,yes
2361,A320,Solo Leisure,Business Class,LHR to AMS,2015-10-01 00:00:00,3.0,4.0,2.0,2.0,4.0,2,0.0,no
2362,None,Couple Leisure,Economy Class,Heathrow to Cancun via Madrid,2015-08-01 00:00:00,1.0,2.0,1.0,1.0,1.0,1,0.0,no
2363,Boeing 777,Couple Leisure,Premium Economy,LHR to SYD via SIN,2015-10-01 00:00:00,4.0,4.0,4.0,4.0,3.0,4,0.0,yes
2364,None,Solo Leisure,Premium Economy,LHR to BKK,2015-09-01 00:00:00,2.0,4.0,2.0,2.0,2.0,1,2.0,no
2365,Boeing 777-200,Couple Leisure,Business Class,SYD to LHR via SIN,2015-10-01 00:00:00,1.0,4.0,3.0,4.0,4.0,2,0.0,no
2366,A380,Couple Leisure,Premium Economy,LHR to JNB,2015-10-01 00:00:00,5.0,5.0,4.0,5.0,4.0,3,0.0,yes
2367,A319,Couple Leisure,Business Class,Pisa to London Gatwick,2015-10-01 00:00:00,2.0,4.0,2.0,0.0,2.0,2,0.0,no
2368,A380 / Boeing 777,Family Leisure,Business Class,LHR to SYD via SIN,2015-10-01 00:00:00,4.0,2.0,2.0,2.0,1.0,1,0.0,no
2369,Boeing 777-200,Business,Economy Class,Antigua to Gatwick,2015-10-01 00:00:00,1.0,2.0,1.0,2.0,4.0,2,0.0,no
2370,A380,Couple Leisure,Business Class,London to Los Angeles,2015-10-01 00:00:00,4.0,5.0,5.0,4.0,4.0,4,0.0,yes
2371,Boeing 747-400,Business,Business Class,LHR to SIN,2015-10-01 00:00:00,3.0,2.0,2.0,1.0,1.0,1,0.0,no
2372,A320,Business,Business Class,Athens to London,2015-10-01 00:00:00,1.0,2.0,2.0,0.0,1.0,1,0.0,no
2373,Boeing 777,Couple Leisure,Business Class,SAN to LHR,2015-10-01 00:00:00,4.0,5.0,3.0,4.0,4.0,4,0.0,yes
2374,Boeing 777-200,Family Leisure,Premium Economy,Gatwick to Las Vegas,2015-10-01 00:00:00,4.0,3.0,3.0,4.0,3.0,3,0.0,yes
2375,Boeing 747,Business,Premium Economy,Vancouver to London,2015-09-01 00:00:00,3.0,1.0,2.0,1.0,4.0,2,0.0,no
2376,A320,Couple Leisure,Economy Class,LHR to MAD,2015-10-01 00:00:00,4.0,3.0,3.0,0.0,5.0,5,0.0,yes
2377,A319,Solo Leisure,Economy Class,Bologna to Heathrow,2015-10-01 00:00:00,2.0,3.0,2.0,0.0,3.0,4,0.0,no
2378,Boeing 747 400,Couple Leisure,Economy Class,LAS to LHR,2015-10-01 00:00:00,3.0,3.0,2.0,0.0,3.0,3,0.0,no
2379,A320,Couple Leisure,Business Class,Gatwick to Pisa,2015-10-01 00:00:00,2.0,2.0,3.0,0.0,4.0,3,0.0,no
2380,None,Solo Leisure,Economy Class,Heathrow to Belfast,2015-08-01 00:00:00,1.0,1.0,0.0,0.0,1.0,1,0.0,no
2381,A319,Couple Leisure,Business Class,Gatwick to Bari,2015-09-01 00:00:00,4.0,5.0,4.0,0.0,5.0,5,0.0,yes
2382,None,Solo Leisure,Business Class,Rome to London,2015-10-01 00:00:00,1.0,1.0,1.0,0.0,1.0,2,0.0,no
2383,None,Business,Business Class,SIN to BOS via LHR,2015-09-01 00:00:00,1.0,2.0,1.0,1.0,1.0,1,0.0,no
2384,Boeing 777,Solo Leisure,Business Class,LHR to SAN,2015-09-01 00:00:00,4.0,2.0,1.0,2.0,2.0,1,0.0,no
2385,A319,Solo Leisure,Economy Class,London to Rome,2015-10-01 00:00:00,3.0,4.0,3.0,0.0,3.0,3,0.0,yes
2386,767-300,Family Leisure,First Class,LHR to ARN,2015-10-01 00:00:00,4.0,4.0,3.0,0.0,3.0,3,0.0,yes
2387,None,Solo Leisure,Economy Class,MAN to SVO via LHR,2015-09-01 00:00:00,5.0,5.0,5.0,5.0,4.0,5,0.0,yes
2388,Boeing 777-200,Couple Leisure,Economy Class,TLV to SAN via LHR,2015-10-01 00:00:00,3.0,3.0,4.0,2.0,1.0,1,0.0,no
2389,A319/A321,Couple Leisure,Economy Class,LHR to AMS,2015-10-01 00:00:00,4.0,5.0,2.0,0.0,4.0,4,0.0,yes
2390,Boeing 777-200,Business,Economy Class,Heathrow to Bahrain,2015-10-01 00:00:00,2.0,3.0,1.0,2.0,3.0,3,2.0,no
2391,A380,Business,Business Class,LHR to SIN,2015-08-01 00:00:00,4.0,4.0,4.0,4.0,4.0,5,0.0,yes
2392,Boeing 777-200,Family Leisure,Economy Class,LHR to KUL,2015-08-01 00:00:00,2.0,4.0,3.0,3.0,5.0,4,0.0,yes
2393,A320,Solo Leisure,Economy Class,HEL to JNB via LHR,2015-10-01 00:00:00,1.0,4.0,0.0,0.0,1.0,1,0.0,no
2394,Boeing 777-200,Solo Leisure,Economy Class,London to Bangkok,2015-04-01 00:00:00,4.0,4.0,3.0,3.0,3.0,3,0.0,yes
2395,Boeing 777-200,Couple Leisure,Premium Economy,GLA to BKK via LHR,2015-10-01 00:00:00,3.0,4.0,4.0,2.0,4.0,3,1.0,yes
2396,A320,Couple Leisure,Business Class,Fuereventura to LGW,2015-10-01 00:00:00,4.0,5.0,5.0,0.0,4.0,5,0.0,yes
2397,Boeing 747-400,Couple Leisure,Economy Class,DUB to LAS via LHR,2015-10-01 00:00:00,1.0,2.0,2.0,2.0,3.0,3,0.0,yes
2398,Boeing 747,Family Leisure,Economy Class,Jersey to MIA via London,2015-04-01 00:00:00,1.0,4.0,1.0,1.0,3.0,3,0.0,no
2399,None,Couple Leisure,Economy Class,YYZ to FCO via LHR,2015-09-01 00:00:00,4.0,4.0,4.0,4.0,1.0,2,4.0,no
2400,Boeing 777-300,Business,First Class,LHR to SYD via SIN,2015-09-01 00:00:00,5.0,4.0,5.0,5.0,5.0,5,0.0,yes
2401,Boeing 777-300,Couple Leisure,Premium Economy,DFW to LHR,2015-09-01 00:00:00,3.0,4.0,4.0,3.0,3.0,2,3.0,no
2402,None,Family Leisure,Economy Class,None,2015-02-01 00:00:00,1.0,1.0,1.0,1.0,1.0,1,1.0,no
2403,Boeing 747-400,Couple Leisure,Economy Class,Cape Town to London,2015-10-01 00:00:00,4.0,4.0,4.0,4.0,5.0,4,0.0,yes
2404,A380,Business,Business Class,HKG to LHR,2015-09-01 00:00:00,3.0,3.0,4.0,4.0,4.0,3,0.0,yes
2405,A320 / Boeing 787,Business,Premium Economy,DUS to PHL via LHR,2015-09-01 00:00:00,5.0,3.0,5.0,5.0,3.0,4,0.0,no
2406,Boeing 747-400,Solo Leisure,Business Class,LAS to LHR,2015-09-01 00:00:00,3.0,5.0,5.0,2.0,4.0,3,0.0,yes
2407,A320,Solo Leisure,Economy Class,Heathrow to Manchester,2015-10-01 00:00:00,3.0,1.0,1.0,0.0,3.0,1,0.0,no
2408,None,Couple Leisure,Economy Class,London to Toronto,2015-09-01 00:00:00,4.0,3.0,2.0,4.0,3.0,2,0.0,no
2409,Boeing 747-400,Business,Economy Class,LHR to SFO,2015-09-01 00:00:00,1.0,3.0,3.0,1.0,1.0,1,0.0,no
2410,None,Family Leisure,Business Class,LHR to Chicago O'Hare,2014-12-01 00:00:00,4.0,2.0,1.0,1.0,4.0,4,2.0,yes
2411,None,Business,Business Class,Nairobi to London,2015-09-01 00:00:00,3.0,4.0,4.0,3.0,4.0,3,0.0,no
2412,A320 and A319,Solo Leisure,Economy Class,lgw to alicante,2015-09-01 00:00:00,4.0,5.0,4.0,0.0,3.0,5,0.0,yes
2413,Boeing 747-400,Solo Leisure,Economy Class,Phoenix to Heathrow,2015-09-01 00:00:00,1.0,4.0,1.0,2.0,3.0,2,0.0,no
2414,A319,Family Leisure,Economy Class,LGW to ALC,2015-08-01 00:00:00,4.0,4.0,4.0,0.0,4.0,4,0.0,yes
2415,Boeing 747-400,Couple Leisure,Economy Class,London to Johannesburg,2015-09-01 00:00:00,1.0,3.0,1.0,2.0,1.0,1,0.0,no
2416,A320,Business,Economy Class,VIE to LHR,2015-09-01 00:00:00,4.0,4.0,4.0,0.0,5.0,4,0.0,yes
2417,None,Couple Leisure,Economy Class,None,2015-09-01 00:00:00,1.0,3.0,1.0,1.0,4.0,2,2.0,no
2418,None,Couple Leisure,Economy Class,Denver to London,2015-08-01 00:00:00,1.0,2.0,3.0,2.0,3.0,2,0.0,no
2419,None,Solo Leisure,Business Class,Heathrow to Munich,2015-09-01 00:00:00,4.0,1.0,3.0,0.0,4.0,1,0.0,no
2420,Boeing 747-400,Family Leisure,Economy Class,Phoenix to Heathrow,2015-09-01 00:00:00,1.0,2.0,1.0,1.0,2.0,1,2.0,no
2421,A320,Solo Leisure,Business Class,LGW to SSH ,2015-09-01 00:00:00,3.0,5.0,4.0,0.0,5.0,3,0.0,yes
2422,A320,Solo Leisure,Business Class,SSH to LGW,2015-09-01 00:00:00,1.0,5.0,4.0,0.0,1.0,3,0.0,yes
2423,A320,Family Leisure,Economy Class,LHR to GIB,2015-09-01 00:00:00,4.0,5.0,1.0,0.0,3.0,4,0.0,yes
2424,Boeing 747-400,Business,Business Class,LHR to DXB,2015-09-01 00:00:00,4.0,3.0,5.0,3.0,4.0,3,0.0,yes
2425,A320,Business,Business Class,Stockholm to London,2015-09-01 00:00:00,2.0,3.0,4.0,0.0,5.0,3,0.0,yes
2426,None,Family Leisure,Economy Class,London to Seattle,2015-08-01 00:00:00,4.0,3.0,1.0,3.0,4.0,4,0.0,no
2427,Boeing 777,Couple Leisure,Business Class,SYD to SIN,2015-05-01 00:00:00,4.0,4.0,4.0,4.0,4.0,5,0.0,yes
2428,Boeing 777,Business,Business Class,HND to LHR,2015-09-01 00:00:00,2.0,2.0,1.0,2.0,3.0,2,0.0,no
2429,Boeing 747-400,Solo Leisure,Business Class,Vancouver to London,2015-09-01 00:00:00,3.0,4.0,3.0,1.0,4.0,2,0.0,no
2430,A320,Solo Leisure,Economy Class,Barcelona to London Heathrow,2015-09-01 00:00:00,4.0,4.0,3.0,0.0,4.0,5,0.0,yes
2431,None,Couple Leisure,Economy Class,St Kitts to Gatwick via Antigua,2015-09-01 00:00:00,1.0,1.0,0.0,0.0,1.0,1,0.0,no
2432,Boeing 777,Solo Leisure,Premium Economy,LHR to IAD,2015-09-01 00:00:00,5.0,5.0,5.0,5.0,5.0,5,0.0,yes
2433,None,Couple Leisure,Economy Class,London Gatwick to Cancun,2015-09-01 00:00:00,3.0,2.0,1.0,3.0,2.0,2,2.0,no
2434,A320,Couple Leisure,Business Class,LHR to Bologna,2015-09-01 00:00:00,1.0,5.0,3.0,0.0,3.0,1,0.0,no
2435,Boeing 767,Couple Leisure,Economy Class,LCA to LHR,2015-09-01 00:00:00,1.0,4.0,2.0,1.0,1.0,2,0.0,no
2436,A320,Couple Leisure,Economy Class,AMS to LHR,2015-09-01 00:00:00,5.0,3.0,3.0,0.0,4.0,5,0.0,yes
2437,Boeing 747-400,Couple Leisure,Economy Class,LHR to MIA,2015-09-01 00:00:00,3.0,5.0,5.0,4.0,4.0,4,0.0,yes
2438,A320,Solo Leisure,Economy Class,LHR to CPH,2015-08-01 00:00:00,1.0,2.0,1.0,0.0,4.0,2,0.0,no
2439,A318,Business,Business Class,LCY to JFK via SNN,2015-09-01 00:00:00,5.0,5.0,5.0,3.0,5.0,4,0.0,yes
2440,A320,Couple Leisure,Economy Class,LHR to BUD,2015-09-01 00:00:00,5.0,5.0,3.0,0.0,5.0,5,0.0,yes
2441,Boeing 737,Business,Business Class,Gatwick to Naples,2015-09-01 00:00:00,1.0,5.0,2.0,1.0,3.0,1,0.0,no
2442,A320,Couple Leisure,Business Class,LHR to KGS,2015-09-01 00:00:00,2.0,2.0,2.0,0.0,2.0,2,0.0,no
2443,Boeing 747-400,Couple Leisure,First Class,Boston to London,2015-09-01 00:00:00,2.0,5.0,2.0,1.0,2.0,1,1.0,no
2444,A320,Solo Leisure,Economy Class,LHR to OSL,2015-08-01 00:00:00,4.0,3.0,4.0,0.0,5.0,4,0.0,yes
2445,Embraer E190,Family Leisure,Business Class,LCY to Granada,2015-07-01 00:00:00,1.0,4.0,1.0,0.0,1.0,1,0.0,no
2446,None,Couple Leisure,Economy Class,Glasgow to Paris via LHR,2015-09-01 00:00:00,3.0,3.0,2.0,0.0,1.0,3,0.0,no
2447,Boeing 777-200ER,Solo Leisure,Business Class,St Lucia to LGW,2015-09-01 00:00:00,5.0,5.0,5.0,5.0,5.0,4,0.0,yes
2448,Boeing 747-400,Couple Leisure,Premium Economy,LHR to PHX,2015-09-01 00:00:00,4.0,5.0,3.0,2.0,4.0,5,0.0,no
2449,None,Couple Leisure,Economy Class,Gatwick to Barcelona,2015-09-01 00:00:00,1.0,1.0,1.0,1.0,1.0,1,1.0,no
2450,None,Business,Business Class,LHR to BRU,2015-09-01 00:00:00,1.0,2.0,1.0,1.0,3.0,1,0.0,no
2451,Boeing 747-400,Couple Leisure,Economy Class,Heathrow to Vancouver,2015-07-01 00:00:00,2.0,2.0,1.0,1.0,3.0,3,0.0,no
2452,Boeing 747-400,Couple Leisure,Economy Class,Glasgow to Cape Town via LHR,2015-09-01 00:00:00,1.0,3.0,2.0,1.0,3.0,3,0.0,no
2453,Boeing 747 / 777 / A380,Solo Leisure,Business Class,DXB to IAD via LHR,2015-09-01 00:00:00,1.0,2.0,1.0,1.0,3.0,2,1.0,no
2454,Boeing 777,Solo Leisure,Premium Economy,YYZ to LHR,2015-09-01 00:00:00,3.0,5.0,5.0,3.0,4.0,5,0.0,yes
2455,None,Couple Leisure,Economy Class,Heathrow to Amsterdam,2015-08-01 00:00:00,2.0,2.0,0.0,0.0,1.0,1,0.0,yes
2456,Boeing 747-400,Solo Leisure,Premium Economy,LHR to MIA,2015-09-01 00:00:00,5.0,5.0,5.0,3.0,5.0,5,0.0,yes
2457,None,Solo Leisure,Business Class,Istanbul to Denver via LHR,2015-09-01 00:00:00,1.0,1.0,0.0,0.0,1.0,1,0.0,no
2458,Boeing 767,Couple Leisure,Economy Class,Madrid to Heathrow,2015-09-01 00:00:00,5.0,5.0,4.0,0.0,5.0,5,0.0,yes
2459,Boeing 777-200,Couple Leisure,Economy Class,Gatwick to Mauritius,2015-09-01 00:00:00,1.0,4.0,2.0,2.0,3.0,2,0.0,no
2460,Boeing 777-200,Couple Leisure,Economy Class,Moscow to Heathrow,2015-08-01 00:00:00,3.0,4.0,3.0,3.0,3.0,3,0.0,yes
2461,A319,Couple Leisure,Economy Class,London to St Petersburgh,2015-08-01 00:00:00,3.0,4.0,4.0,0.0,3.0,4,0.0,yes
2462,A380,Couple Leisure,Business Class,Los Angeles to London,2015-09-01 00:00:00,3.0,4.0,4.0,4.0,4.0,3,0.0,yes
2463,A319,Couple Leisure,Business Class,London Heathrow to Basel,2015-08-01 00:00:00,1.0,4.0,2.0,0.0,1.0,2,0.0,no
2464,A320,Business,Business Class,London Heathrow to Rome FCO,2015-09-01 00:00:00,5.0,5.0,5.0,0.0,1.0,1,0.0,no
2465,None,Couple Leisure,Economy Class,JFK to Heathrow,2015-09-01 00:00:00,1.0,3.0,2.0,1.0,1.0,1,0.0,no
2466,Boeing 777,Solo Leisure,Economy Class,LHR to BKK,2015-04-01 00:00:00,1.0,1.0,1.0,1.0,1.0,1,1.0,no
2467,Boeing 777,Couple Leisure,First Class,London to Tokyo,2015-03-01 00:00:00,4.0,2.0,1.0,2.0,1.0,1,0.0,no
2468,None,Solo Leisure,Economy Class,Vancouver to Milan via LHR,2015-09-01 00:00:00,1.0,3.0,2.0,0.0,2.0,2,0.0,no
2469,Boeing 777-300,Family Leisure,Economy Class,GIG to LHR,2015-09-01 00:00:00,1.0,1.0,3.0,2.0,1.0,1,1.0,no
2470,A319,Solo Leisure,Business Class,London Heathrow to Venice,2015-08-01 00:00:00,4.0,4.0,4.0,0.0,4.0,5,0.0,yes
2471,A321,Solo Leisure,Economy Class,London to Paris,2015-08-01 00:00:00,3.0,3.0,3.0,0.0,2.0,3,0.0,yes
2472,Boeing 777-200,Couple Leisure,Economy Class,Heathrow to Bangkok,2015-08-01 00:00:00,2.0,3.0,4.0,1.0,4.0,3,0.0,no
2473,Boeing 747-400,Family Leisure,Economy Class,Las Vegas to London Heathrow,2015-08-01 00:00:00,1.0,1.0,1.0,2.0,3.0,1,0.0,no
2474,A320,Business,Business Class,Athens to London,2015-09-01 00:00:00,1.0,3.0,2.0,2.0,2.0,1,0.0,no
2475,Boeing 777,Solo Leisure,Economy Class,JFK to Manchester via LHR,2015-09-01 00:00:00,1.0,1.0,1.0,1.0,1.0,2,0.0,no
2476,A319,Couple Leisure,Economy Class,Gatwick to Barcelona,2015-08-01 00:00:00,4.0,5.0,5.0,0.0,4.0,5,0.0,yes
2477,Boeing 777,Business,First Class,Dubai to LHR,2015-09-01 00:00:00,3.0,5.0,4.0,3.0,4.0,3,3.0,no
2478,Boeing 747-400,Business,Business Class,LHR to PEK,2015-08-01 00:00:00,1.0,1.0,1.0,1.0,1.0,1,0.0,no
2479,None,Family Leisure,Economy Class,Cape Town to London Heathrow,2015-08-01 00:00:00,1.0,2.0,1.0,1.0,3.0,1,0.0,no
2480,Boeing 747-400,Business,Business Class,London to New York JFK,2015-09-01 00:00:00,2.0,3.0,2.0,2.0,3.0,2,0.0,no
2481,Boeing 777-200,Couple Leisure,Business Class,Glasgow to New York via LHR,2015-08-01 00:00:00,3.0,4.0,4.0,4.0,4.0,2,0.0,no
2482,A380,Couple Leisure,Business Class,Heathrow to Johannesburg,2015-08-01 00:00:00,5.0,4.0,5.0,3.0,4.0,3,5.0,yes
2483,A320,Couple Leisure,Business Class,LHR to ARN,2015-08-01 00:00:00,3.0,4.0,3.0,0.0,3.0,3,0.0,yes
2484,Boeing 747-400,Business,First Class,London to Dubai,2015-08-01 00:00:00,1.0,5.0,4.0,3.0,2.0,2,2.0,no
2485,A321,Business,Business Class,London to Brussels,2015-08-01 00:00:00,2.0,4.0,3.0,1.0,3.0,3,1.0,yes
2486,A380,Couple Leisure,Business Class,LAX to LHR,2015-08-01 00:00:00,3.0,1.0,0.0,2.0,2.0,2,0.0,no
2487,Boeing 747-400,Family Leisure,Economy Class,Denver to London,2015-08-01 00:00:00,1.0,1.0,1.0,1.0,1.0,1,0.0,no
2488,Boeing 747-400,Family Leisure,Economy Class,LHR to JFK,2015-09-01 00:00:00,1.0,2.0,0.0,1.0,3.0,2,1.0,no
2489,Boeing 767,Couple Leisure,Economy Class,Calgary to London,2015-08-01 00:00:00,5.0,5.0,2.0,2.0,4.0,4,0.0,yes
2490,None,Family Leisure,Economy Class,Amsterdam to London,2015-08-01 00:00:00,5.0,5.0,5.0,0.0,4.0,5,0.0,yes
2491,A320,Solo Leisure,Economy Class,MXP to LHR,2015-08-01 00:00:00,5.0,5.0,5.0,4.0,5.0,5,0.0,yes
2492,Boeing 777,Couple Leisure,Business Class,Toronto to London Heathrow,2015-07-01 00:00:00,3.0,2.0,2.0,2.0,3.0,2,2.0,no
2493,A320,Solo Leisure,Economy Class,Lyon to London Heathrow,2015-07-01 00:00:00,2.0,1.0,2.0,0.0,1.0,3,0.0,no
2494,A320,Family Leisure,Economy Class,Gatwick to Marrakech,2015-08-01 00:00:00,4.0,2.0,3.0,0.0,5.0,5,0.0,yes
2495,None,Family Leisure,Economy Class,Miami to London Heathrow,2015-08-01 00:00:00,4.0,5.0,4.0,1.0,1.0,2,1.0,no
2496,A319,Business,Economy Class,London to Geneva,2015-06-01 00:00:00,2.0,4.0,3.0,0.0,3.0,3,3.0,no
2497,Boeing 747-400,Business,Economy Class,LHR to PHX,2015-08-01 00:00:00,1.0,2.0,1.0,1.0,3.0,1,0.0,no
2498,Boeing 747,Family Leisure,Economy Class,Manchester to Boston via Heathrow,2015-08-01 00:00:00,1.0,4.0,1.0,1.0,1.0,1,0.0,no
2499,Boeing 767,Business,Business Class,LCA to LHR,2015-08-01 00:00:00,3.0,5.0,4.0,0.0,4.0,4,0.0,yes
2500,A319,Business,Economy Class,Heathrow to Aberdeen,2015-08-01 00:00:00,2.0,2.0,2.0,0.0,1.0,1,1.0,no
2501,Boeing 777-300,Couple Leisure,Business Class,London to Kuala lumpur,2015-08-01 00:00:00,3.0,2.0,2.0,1.0,2.0,3,0.0,no
2502,None,Solo Leisure,Business Class,London to Berlin,2015-08-01 00:00:00,3.0,4.0,3.0,3.0,4.0,2,1.0,yes
2503,None,Family Leisure,Economy Class,Denver to Heathrow,2015-08-01 00:00:00,3.0,1.0,3.0,1.0,5.0,3,0.0,no
2504,A321,Couple Leisure,Business Class,LHR to CPH,2015-08-01 00:00:00,4.0,3.0,3.0,0.0,3.0,4,0.0,no
2505,A319/A320,Solo Leisure,Economy Class,GLA to PRG via LHR,2015-08-01 00:00:00,4.0,3.0,3.0,0.0,5.0,5,0.0,yes
2506,Boeing 737-400,Couple Leisure,Economy Class,Gatwick to Genoa,2015-08-01 00:00:00,1.0,2.0,1.0,0.0,3.0,1,0.0,no
2507,A319,Couple Leisure,Economy Class,London Heathrow to Toulouse,2015-08-01 00:00:00,1.0,4.0,2.0,0.0,4.0,2,0.0,no
2508,None,Couple Leisure,Economy Class,London to Copenhagen,2015-08-01 00:00:00,2.0,2.0,2.0,1.0,1.0,1,1.0,no
2509,A319,Couple Leisure,Economy Class,LHR to DUB,2015-08-01 00:00:00,5.0,5.0,5.0,0.0,5.0,5,0.0,yes
2510,A320,Solo Leisure,Economy Class,Berlin to London Heathrow,2015-08-01 00:00:00,3.0,1.0,2.0,0.0,1.0,2,0.0,no
2511,A380,Business,First Class,LHR to IAD,2015-08-01 00:00:00,4.0,5.0,4.0,4.0,3.0,5,0.0,yes
2512,Boeing 777-236,Business,Business Class,DOH to LHR via BAH,2015-08-01 00:00:00,4.0,4.0,2.0,3.0,1.0,3,0.0,yes
2513,Boeing 747-400,Family Leisure,Economy Class,LHR to CPT,2015-08-01 00:00:00,3.0,4.0,4.0,4.0,5.0,4,0.0,yes
2514,None,Couple Leisure,Economy Class,St Lucia to Gatwick,2015-08-01 00:00:00,1.0,2.0,2.0,2.0,3.0,1,0.0,no
2515,A319,Solo Leisure,Business Class,Bari to London Gatwick,2015-08-01 00:00:00,4.0,5.0,5.0,0.0,3.0,4,0.0,yes
2516,None,Family Leisure,Economy Class,London to Toronto,2015-08-01 00:00:00,5.0,5.0,4.0,4.0,5.0,5,0.0,yes
2517,A319,Couple Leisure,Economy Class,London Heathrow to Düsseldorf,2015-08-01 00:00:00,4.0,4.0,3.0,0.0,4.0,4,0.0,yes
2518,None,Family Leisure,Business Class,London to Jeddah,2015-08-01 00:00:00,4.0,1.0,2.0,3.0,1.0,1,0.0,no
2519,None,Family Leisure,Business Class,London to Jeddah,2015-08-01 00:00:00,4.0,1.0,2.0,3.0,1.0,1,0.0,no
2520,None,Family Leisure,Business Class,LHR to BCN,2015-08-01 00:00:00,5.0,5.0,5.0,0.0,5.0,5,0.0,yes
2521,A380,Business,Business Class,Johannesburg to London Heathrow,2015-08-01 00:00:00,1.0,1.0,0.0,0.0,1.0,1,0.0,no
2522,A380,Family Leisure,Economy Class,SFO to LHR,2015-08-01 00:00:00,2.0,1.0,1.0,4.0,3.0,1,0.0,no
2523,A320,Family Leisure,Economy Class,Amsterdam to London Heathrow,2015-08-01 00:00:00,4.0,5.0,5.0,0.0,4.0,5,0.0,yes
2524,None,Couple Leisure,Economy Class,Edinburgh to London City,2015-08-01 00:00:00,4.0,3.0,4.0,0.0,1.0,3,0.0,no
2525,A320,Family Leisure,Business Class,Marseille to London Heathrow,2015-08-01 00:00:00,5.0,5.0,5.0,0.0,5.0,5,0.0,yes
2526,Boeing 777 / A320,Couple Leisure,Business Class,MIA to BRU via LHR,2015-07-01 00:00:00,4.0,5.0,5.0,5.0,5.0,5,5.0,yes
2527,None,Business,Economy Class,Gatwick to Bridgetown,2015-05-01 00:00:00,3.0,3.0,3.0,3.0,1.0,2,3.0,no
2528,Boeing 747-300,Couple Leisure,Economy Class,RUH to NCL via LHR,2015-08-01 00:00:00,2.0,3.0,2.0,0.0,1.0,1,0.0,no
2529,Boeing 777,Couple Leisure,First Class,PHL to TXL via LHR,2015-07-01 00:00:00,2.0,3.0,1.0,2.0,1.0,1,0.0,no
2530,None,Family Leisure,Economy Class,London Gatwick to Rome Fiumicino,2015-08-01 00:00:00,1.0,1.0,0.0,0.0,1.0,1,0.0,no
2531,Boeing 747,Family Leisure,Economy Class,Hyderabad to Phoenix via LHR,2015-08-01 00:00:00,1.0,3.0,3.0,1.0,1.0,1,0.0,no
2532,Boeing 777,Couple Leisure,Business Class,Washington Dulles to Heathrow,2015-08-01 00:00:00,3.0,5.0,3.0,3.0,3.0,3,0.0,yes
2533,Boeing 767,Couple Leisure,Business Class,London to Nassau,2015-08-01 00:00:00,1.0,3.0,2.0,3.0,3.0,1,0.0,no
2534,None,Couple Leisure,Economy Class,Dublin to Vancouver via London Heathrow,2015-08-01 00:00:00,5.0,5.0,4.0,1.0,5.0,4,1.0,yes
2535,Boeing 747,Family Leisure,Business Class,LHR to LAS,2015-07-01 00:00:00,5.0,5.0,5.0,5.0,5.0,5,0.0,yes
2536,Boeing 747-400,Family Leisure,Economy Class,Boston to London,2015-04-01 00:00:00,5.0,5.0,5.0,5.0,5.0,4,0.0,yes
2537,None,Family Leisure,Economy Class,Sydney to London via Singapore,2015-06-01 00:00:00,1.0,1.0,2.0,1.0,1.0,1,0.0,no
2538,None,Business,Business Class,Bologna to Montreal via London,2014-09-01 00:00:00,5.0,5.0,2.0,5.0,4.0,4,0.0,yes
2539,Boeing 777,Solo Leisure,Business Class,London to Sydney via Singapore,2015-07-01 00:00:00,1.0,4.0,2.0,3.0,3.0,2,0.0,no
2540,Boeing 777,Solo Leisure,First Class,Sydney to London via Singapore,2015-06-01 00:00:00,1.0,1.0,0.0,0.0,1.0,1,0.0,no
2541,A319,Solo Leisure,Economy Class,Glasgow to London Gatwick,2015-08-01 00:00:00,4.0,5.0,4.0,0.0,5.0,5,0.0,yes
2542,Boeing 767,Couple Leisure,Business Class,LHR to IST,2015-08-01 00:00:00,4.0,5.0,5.0,4.0,5.0,5,0.0,yes
2543,A319/A321,Solo Leisure,Economy Class,GLA to DME via LGW / LHR,2015-07-01 00:00:00,4.0,3.0,2.0,2.0,2.0,5,0.0,yes
2544,Boeing 747-400 / A321,Solo Leisure,Economy Class,DME to GLA via LHR,2015-08-01 00:00:00,4.0,3.0,5.0,3.0,3.0,5,0.0,yes
2545,None,Family Leisure,Economy Class,London to Orlando via Miami,2015-08-01 00:00:00,3.0,2.0,4.0,4.0,2.0,3,2.0,no
2546,Boeing 747-400,Business,Business Class,Beijing to London Heathrow,2015-08-01 00:00:00,2.0,2.0,2.0,3.0,2.0,1,0.0,no
2547,Boeing 767,Solo Leisure,Economy Class,London to Larnaca,2015-08-01 00:00:00,4.0,4.0,4.0,2.0,4.0,3,0.0,yes
2548,None,Solo Leisure,Economy Class,London to Pisa,2015-08-01 00:00:00,1.0,1.0,1.0,0.0,1.0,2,0.0,no
2549,A319,Solo Leisure,Economy Class,Dublin to LHR,2015-08-01 00:00:00,4.0,5.0,4.0,3.0,4.0,4,0.0,yes
2550,None,Solo Leisure,Economy Class,Lebanon to Calgary,2015-05-01 00:00:00,3.0,2.0,0.0,0.0,3.0,3,0.0,no
2551,Boeing 777,Couple Leisure,Economy Class,Sydney to Lisbon via LHR,2015-08-01 00:00:00,1.0,1.0,1.0,2.0,1.0,1,0.0,no
2552,Boeing 747-400,Business,Economy Class,LHR to DXB,2015-07-01 00:00:00,1.0,2.0,2.0,1.0,2.0,1,0.0,no
2553,Boeing 747 400,Couple Leisure,Economy Class,Cape Town to London,2015-06-01 00:00:00,2.0,3.0,2.0,3.0,3.0,3,0.0,yes
2554,Boeing 747 400,Couple Leisure,Economy Class,London to Cape Town,2015-07-01 00:00:00,2.0,4.0,3.0,2.0,3.0,3,0.0,yes
2555,Boeing 777,Business,First Class,Chicago to London,2015-08-01 00:00:00,2.0,4.0,0.0,0.0,1.0,1,0.0,no
2556,Boeing 777,Family Leisure,Economy Class,Washington Dulles to LHR,2015-08-01 00:00:00,1.0,2.0,1.0,1.0,2.0,1,0.0,no
2557,A319,Solo Leisure,Business Class,LHR to ZRH,2015-06-01 00:00:00,1.0,3.0,2.0,1.0,3.0,1,0.0,no
2558,Boeing 777,Business,Business Class,Tokyo Narita to London,2015-07-01 00:00:00,2.0,1.0,1.0,3.0,2.0,2,0.0,no
2559,None,Family Leisure,Premium Economy,Manchester to San Fran via London,2015-07-01 00:00:00,3.0,5.0,3.0,3.0,4.0,1,3.0,no
2560,None,Couple Leisure,Premium Economy,Los Angeles to Milan via LHR,2015-07-01 00:00:00,2.0,5.0,4.0,4.0,5.0,3,4.0,no
2561,None,Business,Economy Class,London to Vienna,2015-07-01 00:00:00,3.0,1.0,1.0,1.0,4.0,2,0.0,no
2562,Boeing 777-300,Couple Leisure,Economy Class,London to Sydney via Singapore,2015-07-01 00:00:00,1.0,4.0,4.0,3.0,2.0,1,1.0,no
2563,A319 / A320,Business,Economy Class,Heathrow to Vienna,2015-07-01 00:00:00,4.0,2.0,2.0,0.0,3.0,2,0.0,no
2564,Boeing 747-400,Business,Business Class,Cape Town to London,2015-07-01 00:00:00,2.0,1.0,2.0,2.0,5.0,1,0.0,no
2565,None,Family Leisure,Premium Economy,Seoul to London,2015-07-01 00:00:00,2.0,1.0,2.0,0.0,2.0,3,0.0,no
2566,Boeing 747 and A320,Family Leisure,Economy Class,San Francisco to Zurich via LHR,2015-07-01 00:00:00,4.0,3.0,3.0,4.0,4.0,4,1.0,yes
2567,Boeing 747-400,Solo Leisure,First Class,Vancouver to Heathrow,2015-06-01 00:00:00,4.0,1.0,3.0,1.0,2.0,1,0.0,no
2568,Boeing 747,Business,First Class,New York to Dublin via Heathrow,2015-07-01 00:00:00,2.0,3.0,2.0,1.0,1.0,1,0.0,no
2569,A321,Business,Economy Class,MAN-LHR ,2015-07-01 00:00:00,4.0,5.0,5.0,0.0,4.0,5,0.0,yes
2570,Boeing 777,Business,Business Class,London Heathrow to Tokyo,2015-07-01 00:00:00,1.0,2.0,4.0,4.0,3.0,4,0.0,no
2571,None,Couple Leisure,Economy Class,London to Entebbe,2015-07-01 00:00:00,1.0,1.0,0.0,0.0,1.0,1,0.0,no
2572,Boeing 767,Business,Business Class,Istambul to London Heathrow,2015-07-01 00:00:00,5.0,5.0,5.0,3.0,5.0,5,0.0,yes
2573,Boeing 767,Business,Business Class,London Heathrow to Istanbul,2015-07-01 00:00:00,5.0,5.0,5.0,3.0,5.0,5,0.0,yes
2574,A318,Business,Business Class,London to Faro,2015-07-01 00:00:00,1.0,1.0,2.0,1.0,2.0,1,1.0,no
2575,None,Couple Leisure,Business Class,Verona to LGW,2015-07-01 00:00:00,1.0,4.0,2.0,0.0,2.0,1,0.0,no
2576,A319,Solo Leisure,Economy Class,Bari to Gatwick,2015-07-01 00:00:00,4.0,1.0,4.0,0.0,3.0,3,0.0,yes
2577,Boeing 777,Couple Leisure,Business Class,Orlando to London,2015-05-01 00:00:00,5.0,5.0,4.0,4.0,5.0,5,0.0,yes
2578,A319,Business,Economy Class,London to Newcastle,2015-07-01 00:00:00,1.0,3.0,2.0,0.0,4.0,2,0.0,no
2579,A320,Business,Economy Class,LHR to VIE return,None,3.0,2.0,2.0,0.0,2.0,3,0.0,no
2580,None,Solo Leisure,Economy Class,London Gatwick to Tampa International,2015-07-01 00:00:00,1.0,3.0,2.0,4.0,1.0,1,0.0,no
2581,Boeing 777-200,Couple Leisure,Economy Class,LHR-BOM,2015-07-01 00:00:00,4.0,1.0,1.0,5.0,3.0,3,0.0,no
2582,Boeing 777-300,Solo Leisure,Economy Class,London to Singapire,2015-07-01 00:00:00,2.0,3.0,3.0,4.0,4.0,4,0.0,no
2583,Boeing 777-200,Family Leisure,Economy Class,London to Kuala Lumpur,2015-07-01 00:00:00,4.0,4.0,4.0,3.0,4.0,4,0.0,yes
2584,Boeing 777-200,Solo Leisure,Economy Class,ATL to LHR,2015-07-01 00:00:00,4.0,2.0,3.0,4.0,3.0,3,0.0,yes
2585,Boeing 767/Airbus A320,Solo Leisure,Premium Economy,London Heathrow to Athens,2015-07-01 00:00:00,4.0,2.0,4.0,3.0,3.0,3,0.0,yes
2586,Boeing 777,Couple Leisure,Business Class,Orlando to London,2015-05-01 00:00:00,5.0,5.0,4.0,4.0,5.0,5,0.0,yes
2587,Boeing 777,Business,Business Class,Singapore to Sydney,2015-07-01 00:00:00,2.0,1.0,1.0,2.0,3.0,2,0.0,no
2588,None,Couple Leisure,First Class,LHR to IAD,2015-07-01 00:00:00,4.0,5.0,3.0,4.0,4.0,2,0.0,yes
2589,Boeing 777-200,Couple Leisure,Business Class,LHR to KUL,2015-07-01 00:00:00,4.0,5.0,3.0,4.0,4.0,5,0.0,yes
2590,Boeing 747-400,Solo Leisure,Economy Class,London Heathrow to Bangkok,2015-07-01 00:00:00,1.0,2.0,3.0,1.0,1.0,1,0.0,no
2591,None,Couple Leisure,Economy Class,LHR to NCL,2015-07-01 00:00:00,2.0,3.0,3.0,0.0,4.0,3,0.0,yes
2592,Boeing 747-400,Solo Leisure,Business Class,London Heathrow to Chicago O'Hare,2015-06-01 00:00:00,5.0,5.0,5.0,3.0,5.0,5,0.0,yes
2593,Boeing 747-400,Solo Leisure,First Class,ORD to LHR,2015-07-01 00:00:00,5.0,5.0,5.0,3.0,5.0,5,0.0,yes
2594,Boeing 747,Solo Leisure,Business Class,Vancouver Canada to London,2015-07-01 00:00:00,2.0,3.0,1.0,1.0,3.0,2,0.0,no
2595,A321 / Boeing 747-400,Solo Leisure,Economy Class,CAI to JFK via LHR,2014-09-01 00:00:00,1.0,5.0,3.0,4.0,5.0,2,0.0,no
2596,Boeing 747- 400,Family Leisure,Economy Class,LHR to JNB,2015-06-01 00:00:00,3.0,5.0,4.0,3.0,4.0,5,0.0,yes
2597,A321,Business,Economy Class,Heathrow to Brussels,2015-07-01 00:00:00,3.0,3.0,4.0,0.0,1.0,2,0.0,no
2598,A320,Solo Leisure,Business Class,Tel Aviv to London LHR,2014-12-01 00:00:00,5.0,5.0,5.0,4.0,5.0,4,0.0,yes
2599,A380,Couple Leisure,Economy Class,LHR to LAX,2015-05-01 00:00:00,4.0,5.0,4.0,5.0,5.0,3,5.0,yes
2600,Boeing 747-400,Business,Business Class,London to Singapore,2015-07-01 00:00:00,1.0,5.0,4.0,1.0,1.0,3,0.0,no
2601,A320,Solo Leisure,Economy Class,LHR to EDI,2015-07-01 00:00:00,2.0,4.0,1.0,0.0,1.0,3,0.0,no
2602,A319/A320,Couple Leisure,Business Class,Gatwick to Dubrovnik,2015-06-01 00:00:00,4.0,4.0,5.0,0.0,4.0,4,0.0,yes
2603,A321,Family Leisure,Economy Class,LHR to Hamburg ,2015-05-01 00:00:00,5.0,5.0,4.0,1.0,4.0,5,0.0,yes
2604,None,Business,Economy Class,Shanghai to London Heathrow,2015-06-01 00:00:00,1.0,1.0,1.0,3.0,1.0,1,0.0,no
2605,A320,Family Leisure,Business Class,Helsinki to London,2015-06-01 00:00:00,1.0,5.0,5.0,0.0,5.0,4,0.0,yes
2606,Boeing 747-400,Couple Leisure,Premium Economy,Chicago to Paris via London,2015-05-01 00:00:00,4.0,5.0,4.0,5.0,3.0,4,4.0,yes
2607,Boeing 767,Business,Business Class,Istanbul to London,2015-07-01 00:00:00,1.0,4.0,1.0,1.0,3.0,1,0.0,no
2608,Boeing 777,Business,Business Class,Bangkok to London,2015-07-01 00:00:00,2.0,4.0,3.0,2.0,4.0,3,0.0,no
2609,E170,Business,First Class,Dublin to London City,2015-07-01 00:00:00,2.0,1.0,1.0,0.0,2.0,1,0.0,no
2610,Boeing 777,Business,Business Class,Sydney to Singapore,2015-06-01 00:00:00,2.0,2.0,2.0,3.0,2.0,2,0.0,no
2611,Boeing 767,Business,Business Class,London to Istanbul,2015-07-01 00:00:00,1.0,3.0,2.0,0.0,1.0,1,0.0,no
2612,Boeing 747-400,Business,Business Class,Singapore to London,2015-07-01 00:00:00,1.0,3.0,2.0,0.0,2.0,2,0.0,no
2613,None,Family Leisure,Economy Class,London Gatwick to Orlando MCO,2015-06-01 00:00:00,3.0,2.0,1.0,5.0,1.0,1,0.0,no
2614,A318,Solo Leisure,Business Class,LCY to JFK via Shannon,2014-08-01 00:00:00,5.0,5.0,5.0,5.0,5.0,3,5.0,yes
2615,None,Business,Economy Class,London Heathrow to Dubai,2015-06-01 00:00:00,1.0,1.0,1.0,1.0,2.0,1,0.0,no
2616,Boeing 777,Family Leisure,Economy Class,Gatwick to Orlando,2015-06-01 00:00:00,1.0,2.0,1.0,1.0,1.0,2,1.0,no
2617,A320,Solo Leisure,Economy Class,Heathrow to Warsaw,2015-07-01 00:00:00,3.0,5.0,4.0,0.0,5.0,5,0.0,yes
2618,None,Family Leisure,Economy Class,JFK to TAV via LHR,2015-07-01 00:00:00,2.0,1.0,2.0,2.0,3.0,2,0.0,no
2619,None,Family Leisure,Economy Class,Toronto to Rome via London,2015-07-01 00:00:00,2.0,3.0,1.0,2.0,1.0,1,0.0,no
2620,None,Family Leisure,Economy Class,Rotterdam to London,2015-06-01 00:00:00,1.0,1.0,0.0,0.0,3.0,1,0.0,no
2621,B777-300 / A319,Solo Leisure,Economy Class,Chicago to Berlin via London Heathrow,2015-06-01 00:00:00,1.0,2.0,1.0,3.0,1.0,1,0.0,no
2622,None,Solo Leisure,Business Class,LHR to JFK  ,2015-07-01 00:00:00,3.0,3.0,4.0,2.0,4.0,4,0.0,no
2623,None,Couple Leisure,Economy Class,Heathrow to Ibiza,2015-06-01 00:00:00,4.0,3.0,1.0,0.0,1.0,1,0.0,no
2624,A380,Solo Leisure,Economy Class,London to Los Angesles,2015-06-01 00:00:00,4.0,5.0,3.0,5.0,4.0,5,4.0,yes
2625,Boeing 777-200,Family Leisure,Economy Class,YUL to FCO via LHR,2014-10-01 00:00:00,4.0,4.0,3.0,3.0,4.0,5,0.0,yes
2626,None,Couple Leisure,Premium Economy,Washington DC to Heathrow,2015-06-01 00:00:00,3.0,2.0,2.0,3.0,3.0,1,3.0,no
2627,A320 / Boeing 777-300,Solo Leisure,Economy Class,Berlin to Chicago via LHR,2015-06-01 00:00:00,1.0,3.0,2.0,3.0,1.0,1,0.0,no
2628,None,Couple Leisure,Economy Class,Vienna to London,2014-11-01 00:00:00,2.0,1.0,1.0,0.0,2.0,2,0.0,no
2629,None,Couple Leisure,Economy Class,London to Vienna,2014-11-01 00:00:00,2.0,3.0,3.0,0.0,3.0,2,0.0,no
2630,A321 and B767,Solo Leisure,Business Class,LHR to FCO,2015-06-01 00:00:00,4.0,5.0,5.0,0.0,4.0,4,0.0,yes
2631,Boeing 767,Couple Leisure,Business Class,LHR to Grand Cayman via Nassau,2015-06-01 00:00:00,2.0,5.0,2.0,2.0,2.0,2,0.0,no
2632,A320,Couple Leisure,Business Class,Santorini to LHR,2015-06-01 00:00:00,3.0,4.0,5.0,0.0,1.0,4,0.0,yes
2633,A319,Solo Leisure,Economy Class,London Gatwick to Glasgow,2015-06-01 00:00:00,5.0,5.0,3.0,0.0,5.0,4,0.0,yes
2634,Airbus A380,Couple Leisure,Business Class,London to Johannesburg,2015-05-01 00:00:00,3.0,2.0,2.0,4.0,3.0,2,0.0,no
2635,Boeing 737,Couple Leisure,Economy Class,Naples to London Gatwick,2015-06-01 00:00:00,3.0,4.0,3.0,0.0,1.0,1,0.0,no
2636,A320,Business,Business Class,Geneva to London,2015-05-01 00:00:00,2.0,5.0,4.0,4.0,4.0,4,0.0,yes
2637,B747-400 / A319,Solo Leisure,Economy Class,Vancouver to Berlin via London,2015-04-01 00:00:00,1.0,4.0,3.0,3.0,4.0,2,0.0,no
2638,None,Business,Business Class,LHR to LUX,2015-06-01 00:00:00,3.0,5.0,5.0,0.0,4.0,4,0.0,yes
2639,A320,Solo Leisure,First Class,LHR to NCL,2015-06-01 00:00:00,3.0,3.0,3.0,0.0,1.0,3,0.0,no
2640,A320,Couple Leisure,Business Class,LHR to Santorini,2015-06-01 00:00:00,2.0,4.0,5.0,0.0,4.0,4,0.0,yes
2641,B747 400,Solo Leisure,First Class,LHR to MIA,2015-06-01 00:00:00,4.0,5.0,5.0,4.0,5.0,5,0.0,yes
2642,777-200,Couple Leisure,Economy Class,Bangkok to Heathrow,2015-05-01 00:00:00,1.0,1.0,1.0,1.0,1.0,1,0.0,no
2643,777,Business,Business Class,Buenos Aires to Heathrow,2014-07-01 00:00:00,5.0,5.0,4.0,5.0,4.0,3,0.0,yes
2644,None,Solo Leisure,None,Los Angeles to London to Paris to Rome ,2015-05-01 00:00:00,1.0,4.0,3.0,2.0,1.0,1,2.0,no
2645,None,Couple Leisure,Business Class,LHR to BKK,2015-06-01 00:00:00,3.0,5.0,4.0,3.0,4.0,3,0.0,yes
2646,A320,Solo Leisure,Economy Class,LHR to Milan Malpensa,2015-06-01 00:00:00,4.0,5.0,4.0,0.0,4.0,4,4.0,yes
2647,boeing 787,Solo Leisure,Business Class,Seoul to London,2015-06-01 00:00:00,4.0,3.0,3.0,4.0,3.0,3,0.0,yes
2648,None,Couple Leisure,Economy Class,London to Turkey,2015-06-01 00:00:00,5.0,5.0,5.0,0.0,5.0,5,0.0,yes
2649,None,Solo Leisure,Economy Class,Abu Dhabi to Muscat,2015-06-01 00:00:00,5.0,5.0,3.0,0.0,4.0,5,0.0,yes
2650,B747-400,Solo Leisure,Economy Class,LHR to YYZ,2015-05-01 00:00:00,3.0,4.0,4.0,4.0,4.0,4,0.0,yes
2651,A320,Couple Leisure,Economy Class,LGW to VCE,2015-06-01 00:00:00,3.0,5.0,3.0,0.0,4.0,4,0.0,yes
2652,A321,Business,Business Class,LHR to SOF,2015-05-01 00:00:00,1.0,3.0,2.0,1.0,3.0,1,1.0,no
2653,B747,Solo Leisure,Economy Class,LHR-DEN,2015-05-01 00:00:00,3.0,5.0,4.0,2.0,0.0,4,0.0,yes
2654,777-300,Solo Leisure,Business Class,ORD-LHR,2015-06-01 00:00:00,4.0,5.0,2.0,4.0,0.0,5,0.0,yes
2655,A321,Solo Leisure,Economy Class,LHR-GLA,2015-06-01 00:00:00,4.0,5.0,3.0,0.0,0.0,4,0.0,yes
2656,A321,Solo Leisure,Economy Class,GLA-LHR,2015-05-01 00:00:00,4.0,5.0,4.0,0.0,0.0,4,0.0,yes
2657,A319,Business,Business Class,FRA-LHR ,None,5.0,2.0,2.0,1.0,0.0,1,0.0,no
2658,Boeing 777,Couple Leisure,Business Class,Gatwick to Barbados,None,3.0,4.0,3.0,4.0,0.0,3,0.0,no
2659,Airbus 319,Business,Business Class,Kiev to London,None,3.0,5.0,0.0,4.0,0.0,4,1.0,yes
2660,None,Family Leisure,Economy Class,None,None,3.0,5.0,5.0,5.0,0.0,4,0.0,yes
2661,Boeing 747-400,Business,Business Class,London-Vancouver return,None,4.0,5.0,4.0,3.0,0.0,5,0.0,yes
2662,Boeing 747-400,Business,Business Class,LHR-ORD,None,4.0,2.0,3.0,4.0,0.0,3,0.0,yes
2663,None,Business,Premium Economy,BOM-LHR,None,4.0,1.0,1.0,3.0,0.0,3,0.0,no
2664,None,Business,Business Class,LHR-BOM,None,2.0,5.0,2.0,3.0,0.0,3,0.0,yes
2665,Boeing 747 / 777,Family Leisure,Business Class,None,None,4.0,5.0,5.0,2.0,0.0,5,0.0,yes
2666,None,None,Business Class,None,None,1.0,1.0,1.0,1.0,0.0,1,0.0,no
2667,None,None,Economy Class,None,None,1.0,1.0,2.0,2.0,0.0,1,0.0,no
2668,None,None,Economy Class,None,None,1.0,4.0,1.0,2.0,0.0,1,0.0,no
2669,None,None,Business Class,None,None,3.0,3.0,4.0,1.0,0.0,3,0.0,no
2670,None,None,First Class,None,None,4.0,3.0,1.0,4.0,0.0,3,0.0,yes
2671,None,None,Business Class,None,None,3.0,3.0,2.0,1.0,0.0,2,0.0,no
2672,None,None,Economy Class,None,None,4.0,3.0,2.0,1.0,0.0,2,0.0,no
2673,None,None,Premium Economy,None,None,1.0,4.0,2.0,1.0,0.0,1,0.0,no
2674,None,None,Premium Economy,None,None,3.0,3.0,2.0,1.0,0.0,3,0.0,no
2675,None,None,Economy Class,None,None,4.0,4.0,4.0,3.0,0.0,5,0.0,yes
2676,None,None,Premium Economy,None,None,5.0,5.0,4.0,3.0,0.0,4,0.0,yes
2677,None,None,Economy Class,None,None,4.0,4.0,4.0,1.0,0.0,4,0.0,yes
2678,None,None,Economy Class,None,None,2.0,1.0,1.0,3.0,0.0,2,0.0,no
2679,None,None,None,None,None,1.0,2.0,1.0,3.0,0.0,1,0.0,no
2680,None,None,First Class,None,None,5.0,5.0,4.0,5.0,0.0,3,0.0,yes
2681,None,None,None,None,None,1.0,2.0,1.0,3.0,0.0,1,0.0,no
2682,None,None,Economy Class,None,None,3.0,2.0,3.0,3.0,0.0,2,0.0,no
2683,None,None,Premium Economy,None,None,4.0,2.0,2.0,3.0,0.0,3,0.0,no
2684,None,None,Economy Class,None,None,3.0,2.0,1.0,1.0,0.0,2,0.0,no
2685,None,None,Economy Class,None,None,1.0,1.0,1.0,2.0,0.0,1,0.0,no
2686,None,None,Premium Economy,None,None,5.0,5.0,3.0,2.0,0.0,4,0.0,yes
2687,None,None,Economy Class,None,None,4.0,4.0,4.0,3.0,0.0,4,0.0,yes
2688,None,None,Premium Economy,None,None,4.0,5.0,3.0,4.0,0.0,5,0.0,no
2689,None,None,Economy Class,None,None,5.0,5.0,5.0,4.0,0.0,5,0.0,yes
2690,None,None,Premium Economy,None,None,2.0,1.0,1.0,1.0,0.0,1,0.0,no
2691,None,None,First Class,None,None,5.0,5.0,5.0,5.0,0.0,5,0.0,yes
2692,None,None,Economy Class,None,None,4.0,5.0,3.0,4.0,0.0,5,0.0,yes
2693,None,None,Business Class,None,None,1.0,3.0,1.0,1.0,0.0,1,0.0,no
2694,None,None,Economy Class,None,None,2.0,3.0,2.0,2.0,0.0,3,0.0,yes
2695,None,None,Business Class,None,None,4.0,4.0,4.0,3.0,0.0,4,0.0,yes
2696,None,None,Economy Class,None,None,5.0,5.0,3.0,3.0,0.0,5,0.0,yes
2697,None,None,Business Class,None,None,4.0,5.0,5.0,4.0,0.0,4,0.0,yes
2698,None,None,First Class,None,None,5.0,5.0,5.0,5.0,0.0,5,0.0,yes
2699,None,None,Premium Economy,None,None,3.0,4.0,4.0,5.0,0.0,4,0.0,yes
2700,None,None,Economy Class,None,None,4.0,5.0,3.0,1.0,0.0,5,0.0,yes
2701,None,None,Business Class,None,None,4.0,5.0,5.0,4.0,0.0,5,0.0,yes
2702,None,None,Economy Class,None,None,4.0,4.0,2.0,2.0,0.0,3,0.0,yes
2703,None,None,Business Class,None,None,5.0,5.0,5.0,5.0,0.0,5,0.0,yes
2704,None,None,First Class,None,None,5.0,5.0,5.0,5.0,0.0,5,0.0,yes
2705,None,None,Premium Economy,None,None,4.0,4.0,4.0,3.0,0.0,4,0.0,yes
2706,None,None,Business Class,None,None,5.0,5.0,5.0,5.0,0.0,4,0.0,yes
2707,None,None,Premium Economy,None,None,4.0,5.0,4.0,2.0,0.0,5,0.0,yes
2708,None,None,Business Class,None,None,5.0,5.0,5.0,3.0,0.0,5,0.0,yes
2709,None,None,Economy Class,None,None,1.0,4.0,1.0,4.0,0.0,1,0.0,no
2710,None,None,Business Class,None,None,4.0,5.0,5.0,3.0,0.0,4,0.0,yes
2711,None,None,Premium Economy,None,None,4.0,5.0,4.0,2.0,0.0,5,0.0,yes
2712,None,None,Business Class,None,None,5.0,5.0,5.0,3.0,0.0,5,0.0,yes
2713,None,None,Economy Class,None,None,1.0,4.0,1.0,4.0,0.0,1,0.0,no
2714,None,None,Business Class,None,None,1.0,1.0,2.0,1.0,0.0,1,0.0,no
2715,None,None,Premium Economy,None,None,2.0,4.0,2.0,1.0,0.0,3,0.0,yes
2716,None,None,Business Class,None,None,1.0,1.0,1.0,2.0,0.0,2,0.0,no
2717,None,None,Business Class,None,None,5.0,5.0,4.0,5.0,0.0,5,0.0,yes
2718,None,None,Business Class,None,None,1.0,5.0,5.0,5.0,0.0,5,0.0,yes
2719,None,None,Premium Economy,None,None,3.0,1.0,2.0,5.0,0.0,3,0.0,no
2720,None,None,Premium Economy,None,None,3.0,1.0,2.0,5.0,0.0,3,0.0,no
2721,None,None,Economy Class,None,None,5.0,5.0,5.0,2.0,0.0,5,0.0,yes
2722,None,None,First Class,None,None,5.0,5.0,4.0,4.0,0.0,5,0.0,yes
2723,None,None,Business Class,None,None,5.0,5.0,5.0,3.0,0.0,5,0.0,yes
2724,None,None,Premium Economy,None,None,4.0,5.0,5.0,5.0,0.0,4,0.0,yes
2725,None,None,Business Class,None,None,2.0,5.0,5.0,2.0,0.0,3,0.0,yes
2726,None,None,Economy Class,None,None,4.0,5.0,4.0,4.0,0.0,4,0.0,yes
2727,None,None,Business Class,None,None,4.0,5.0,5.0,5.0,0.0,5,0.0,yes
2728,None,None,Business Class,None,None,2.0,5.0,3.0,1.0,0.0,4,0.0,yes
2729,None,None,Business Class,None,None,5.0,5.0,5.0,5.0,0.0,5,0.0,yes
2730,None,None,First Class,None,None,5.0,5.0,5.0,5.0,0.0,5,0.0,yes
2731,None,None,Business Class,None,None,5.0,5.0,5.0,5.0,0.0,5,0.0,yes
2732,None,None,Premium Economy,None,None,4.0,5.0,5.0,5.0,0.0,5,0.0,yes
2733,None,None,Premium Economy,None,None,4.0,3.0,3.0,3.0,0.0,4,0.0,yes
2734,None,None,First Class,None,None,5.0,5.0,4.0,4.0,0.0,5,0.0,yes
2735,None,None,Economy Class,None,None,5.0,5.0,5.0,5.0,0.0,4,0.0,yes
2736,None,None,Business Class,None,None,1.0,1.0,2.0,1.0,0.0,2,0.0,no
2737,None,None,Economy Class,None,None,5.0,3.0,4.0,2.0,0.0,5,0.0,yes
2738,None,None,First Class,None,None,5.0,5.0,5.0,5.0,0.0,5,0.0,yes
2739,None,None,Business Class,None,None,3.0,5.0,5.0,1.0,0.0,4,0.0,yes
2740,None,None,Premium Economy,None,None,1.0,1.0,3.0,1.0,0.0,1,0.0,no
2741,None,None,Economy Class,None,None,5.0,5.0,5.0,5.0,0.0,4,0.0,yes
2742,None,None,Business Class,None,None,4.0,5.0,5.0,4.0,0.0,5,0.0,yes
2743,None,None,Economy Class,None,None,5.0,4.0,5.0,5.0,0.0,4,0.0,yes
2744,None,None,Economy Class,None,None,3.0,3.0,2.0,4.0,0.0,3,0.0,no
2745,None,None,Economy Class,None,None,4.0,5.0,4.0,1.0,0.0,5,0.0,yes
2746,None,None,Premium Economy,None,None,3.0,3.0,4.0,5.0,0.0,4,0.0,yes
2747,None,None,Economy Class,None,None,3.0,4.0,4.0,1.0,0.0,5,0.0,yes
2748,None,None,Economy Class,None,None,5.0,5.0,4.0,3.0,0.0,4,0.0,yes
2749,None,None,Economy Class,None,None,5.0,5.0,5.0,3.0,0.0,5,0.0,yes
2750,None,None,Business Class,None,None,1.0,5.0,1.0,1.0,0.0,3,0.0,yes
2751,None,None,Economy Class,None,None,2.0,3.0,4.0,3.0,0.0,3,0.0,no
2752,None,None,Business Class,None,None,1.0,1.0,1.0,3.0,0.0,1,0.0,no
2753,None,None,Economy Class,None,None,2.0,1.0,2.0,2.0,0.0,3,0.0,no
2754,None,None,Business Class,None,None,5.0,5.0,4.0,5.0,0.0,4,0.0,yes
2755,None,None,Business Class,None,None,1.0,4.0,3.0,3.0,0.0,4,0.0,yes
2756,None,None,Economy Class,None,None,4.0,3.0,3.0,1.0,0.0,1,0.0,no
2757,None,None,First Class,None,None,5.0,2.0,5.0,3.0,0.0,4,0.0,yes
2758,None,None,Economy Class,None,None,4.0,3.0,1.0,3.0,0.0,3,0.0,yes
2759,None,None,Business Class,None,None,1.0,3.0,3.0,1.0,0.0,1,0.0,no
2760,None,None,Economy Class,None,None,2.0,2.0,3.0,2.0,0.0,3,0.0,no
2761,None,None,Business Class,None,None,2.0,3.0,2.0,1.0,0.0,3,0.0,no
2762,None,None,Business Class,None,None,2.0,4.0,3.0,1.0,0.0,4,0.0,no
2763,None,None,Economy Class,None,None,1.0,4.0,1.0,3.0,0.0,2,0.0,no
2764,None,None,Economy Class,None,None,4.0,4.0,4.0,4.0,0.0,4,0.0,yes
2765,None,None,Business Class,None,None,1.0,2.0,1.0,1.0,0.0,1,0.0,no
2766,None,None,Premium Economy,None,None,4.0,3.0,4.0,5.0,0.0,4,0.0,yes
2767,None,None,Business Class,None,None,4.0,1.0,2.0,2.0,0.0,1,0.0,no
2768,None,None,Economy Class,None,None,3.0,4.0,3.0,1.0,0.0,4,0.0,yes
2769,None,None,Economy Class,None,None,4.0,5.0,4.0,1.0,0.0,2,0.0,yes
2770,None,None,Business Class,None,None,3.0,4.0,4.0,2.0,0.0,3,0.0,yes
2771,None,None,Business Class,None,None,1.0,2.0,1.0,1.0,0.0,1,0.0,no
2772,None,None,First Class,None,None,3.0,3.0,1.0,3.0,0.0,2,0.0,no
2773,None,None,Business Class,None,None,3.0,3.0,3.0,5.0,0.0,3,0.0,yes
2774,None,None,Business Class,None,None,3.0,3.0,1.0,2.0,0.0,3,0.0,no
2775,None,None,Premium Economy,None,None,2.0,1.0,2.0,1.0,0.0,2,0.0,no
2776,None,None,Premium Economy,None,None,5.0,5.0,5.0,4.0,0.0,5,0.0,yes
2777,None,None,Business Class,None,None,4.0,3.0,3.0,1.0,0.0,3,0.0,no
2778,None,None,Business Class,None,None,2.0,5.0,5.0,5.0,0.0,4,0.0,yes
2779,None,None,Economy Class,None,None,4.0,4.0,5.0,1.0,0.0,4,0.0,yes
2780,None,None,Premium Economy,None,None,5.0,5.0,5.0,4.0,0.0,5,0.0,yes
2781,None,None,Business Class,None,None,4.0,3.0,3.0,1.0,0.0,3,0.0,no
2782,None,None,Business Class,None,None,2.0,5.0,5.0,5.0,0.0,4,0.0,yes
2783,None,None,Economy Class,None,None,4.0,4.0,5.0,1.0,0.0,4,0.0,yes
2784,None,None,Business Class,None,None,2.0,4.0,4.0,1.0,0.0,3,0.0,yes
2785,None,None,Premium Economy,None,None,4.0,4.0,4.0,4.0,0.0,4,0.0,yes
2786,None,None,Economy Class,None,None,4.0,5.0,5.0,4.0,0.0,5,0.0,yes
2787,None,None,Economy Class,None,None,4.0,4.0,4.0,2.0,0.0,3,0.0,yes
2788,None,None,Business Class,None,None,2.0,4.0,3.0,1.0,0.0,2,0.0,yes
2789,None,None,First Class,None,None,4.0,4.0,5.0,4.0,0.0,4,0.0,yes
2790,None,None,Economy Class,None,None,5.0,4.0,4.0,4.0,0.0,5,0.0,yes
2791,None,None,Economy Class,None,None,2.0,5.0,4.0,1.0,0.0,4,0.0,yes
2792,None,None,Business Class,None,None,1.0,5.0,3.0,4.0,0.0,1,0.0,no
2793,None,None,Economy Class,None,None,3.0,2.0,3.0,1.0,0.0,4,0.0,no
2794,None,None,Economy Class,None,None,5.0,1.0,1.0,1.0,0.0,5,0.0,no
2795,None,None,Economy Class,None,None,4.0,5.0,4.0,1.0,0.0,5,0.0,yes
2796,None,None,Economy Class,None,None,5.0,5.0,5.0,5.0,0.0,5,0.0,yes
2797,None,None,Business Class,None,None,3.0,3.0,4.0,4.0,0.0,5,0.0,yes
2798,None,None,Economy Class,None,None,3.0,3.0,4.0,1.0,0.0,4,0.0,yes
2799,None,None,Premium Economy,None,None,4.0,5.0,4.0,5.0,0.0,5,0.0,yes
2800,None,None,Business Class,None,None,4.0,5.0,4.0,4.0,0.0,5,0.0,yes
2801,None,None,Economy Class,None,None,1.0,1.0,2.0,1.0,0.0,2,0.0,no
2802,None,None,Economy Class,None,None,3.0,4.0,4.0,3.0,0.0,3,0.0,yes
2803,None,None,First Class,None,None,3.0,1.0,1.0,1.0,0.0,1,0.0,no
2804,None,None,First Class,None,None,4.0,4.0,2.0,4.0,0.0,3,0.0,yes
2805,None,None,Economy Class,None,None,4.0,4.0,4.0,2.0,0.0,4,0.0,yes
2806,None,None,Economy Class,None,None,1.0,2.0,1.0,1.0,0.0,2,0.0,no
2807,None,None,Business Class,None,None,2.0,3.0,3.0,2.0,0.0,4,0.0,no
2808,None,None,Economy Class,None,None,5.0,5.0,5.0,3.0,0.0,5,0.0,yes
2809,None,None,Business Class,None,None,5.0,5.0,4.0,4.0,0.0,5,0.0,yes
2810,None,None,Business Class,None,None,1.0,3.0,2.0,1.0,0.0,2,0.0,no
2811,None,None,Business Class,None,None,4.0,5.0,4.0,5.0,0.0,4,0.0,yes
2812,None,None,Business Class,None,None,5.0,5.0,5.0,2.0,0.0,5,0.0,yes
2813,None,None,Economy Class,None,None,3.0,4.0,3.0,3.0,0.0,4,0.0,yes
2814,None,None,Economy Class,None,None,4.0,4.0,3.0,2.0,0.0,4,0.0,yes
2815,None,None,Economy Class,None,None,3.0,3.0,5.0,1.0,0.0,4,0.0,yes
2816,None,None,Economy Class,None,None,2.0,5.0,3.0,1.0,0.0,4,0.0,yes
2817,None,None,Business Class,None,None,3.0,2.0,1.0,3.0,0.0,3,0.0,no
2818,None,None,Economy Class,None,None,4.0,3.0,2.0,1.0,0.0,3,0.0,no
2819,None,None,Business Class,None,None,5.0,3.0,2.0,5.0,0.0,2,0.0,no
2820,None,None,Economy Class,None,None,3.0,4.0,3.0,5.0,0.0,5,0.0,yes
2821,None,None,Business Class,None,None,3.0,5.0,5.0,1.0,0.0,5,0.0,yes
2822,None,None,Economy Class,None,None,1.0,2.0,1.0,1.0,0.0,2,0.0,no
2823,None,None,Business Class,None,None,4.0,2.0,1.0,1.0,0.0,2,0.0,no
2824,None,None,Business Class,None,None,2.0,2.0,1.0,1.0,0.0,1,0.0,no
2825,None,None,Business Class,None,None,1.0,4.0,3.0,1.0,0.0,2,0.0,no
2826,None,None,Economy Class,None,None,4.0,5.0,4.0,1.0,0.0,4,0.0,yes
2827,None,None,Economy Class,None,None,1.0,3.0,1.0,2.0,0.0,1,0.0,no
2828,None,None,Economy Class,None,None,3.0,1.0,1.0,3.0,0.0,5,0.0,yes
2829,None,None,Economy Class,None,None,4.0,2.0,2.0,1.0,0.0,3,0.0,yes
2830,None,None,Business Class,None,None,4.0,5.0,4.0,1.0,0.0,4,0.0,yes
2831,None,None,Business Class,None,None,3.0,2.0,2.0,3.0,0.0,2,0.0,yes
2832,None,None,Economy Class,None,None,2.0,3.0,3.0,4.0,0.0,3,0.0,no
2833,None,None,Business Class,None,None,1.0,4.0,3.0,1.0,0.0,2,0.0,no
2834,None,None,Business Class,None,None,3.0,5.0,5.0,2.0,0.0,5,0.0,yes
2835,None,None,Business Class,None,None,4.0,5.0,5.0,2.0,0.0,4,0.0,yes
2836,None,None,Economy Class,None,None,3.0,4.0,2.0,1.0,0.0,4,0.0,no
2837,None,None,Business Class,None,None,1.0,2.0,1.0,2.0,0.0,2,0.0,no
2838,None,None,Economy Class,None,None,1.0,2.0,3.0,1.0,0.0,3,0.0,no
2839,None,None,First Class,None,None,2.0,4.0,4.0,3.0,0.0,3,0.0,no
2840,None,None,Economy Class,None,None,4.0,5.0,4.0,5.0,0.0,5,0.0,yes
2841,None,None,Economy Class,None,None,3.0,4.0,4.0,5.0,0.0,4,0.0,yes
2842,None,None,Premium Economy,None,None,5.0,5.0,5.0,4.0,0.0,5,0.0,yes
2843,None,None,Business Class,None,None,4.0,5.0,4.0,3.0,0.0,4,0.0,yes
2844,None,None,Business Class,None,None,1.0,4.0,2.0,2.0,0.0,1,0.0,no
2845,None,None,Premium Economy,None,None,2.0,1.0,1.0,2.0,0.0,1,0.0,no
2846,None,None,Economy Class,None,None,2.0,4.0,3.0,1.0,0.0,1,0.0,no
2847,None,None,Premium Economy,None,None,3.0,3.0,2.0,2.0,0.0,3,0.0,no
2848,None,None,Economy Class,None,None,4.0,4.0,4.0,1.0,0.0,4,0.0,yes
2849,None,None,Economy Class,None,None,1.0,1.0,2.0,1.0,0.0,3,0.0,no
2850,None,None,Economy Class,None,None,3.0,1.0,2.0,3.0,0.0,1,0.0,no
2851,None,None,Economy Class,None,None,2.0,3.0,2.0,1.0,0.0,2,0.0,no
2852,None,None,Business Class,None,None,3.0,4.0,2.0,3.0,0.0,3,0.0,no
2853,None,None,First Class,None,None,2.0,5.0,0.0,3.0,0.0,3,0.0,no
2854,None,None,Economy Class,None,None,3.0,5.0,1.0,1.0,0.0,2,0.0,no
2855,None,None,First Class,None,None,5.0,5.0,5.0,4.0,0.0,5,0.0,yes
2856,None,None,First Class,None,None,5.0,4.0,4.0,3.0,0.0,5,0.0,yes
2857,None,None,Economy Class,None,None,1.0,3.0,3.0,3.0,0.0,1,0.0,no
2858,None,None,Premium Economy,None,None,1.0,4.0,2.0,1.0,0.0,1,0.0,no
2859,None,None,Economy Class,None,None,1.0,1.0,1.0,2.0,0.0,1,0.0,no
2860,None,None,Business Class,None,None,4.0,2.0,2.0,4.0,0.0,4,0.0,yes
2861,None,None,First Class,None,None,2.0,5.0,0.0,3.0,0.0,3,0.0,no
2862,None,None,Economy Class,None,None,3.0,5.0,1.0,1.0,0.0,2,0.0,no
2863,None,None,First Class,None,None,5.0,5.0,5.0,4.0,0.0,5,0.0,yes
2864,None,None,First Class,None,None,5.0,4.0,4.0,3.0,0.0,5,0.0,yes
2865,None,None,Economy Class,None,None,3.0,5.0,4.0,4.0,0.0,4,0.0,yes
2866,None,None,Business Class,None,None,1.0,4.0,4.0,1.0,0.0,3,0.0,no
2867,None,None,Business Class,None,None,3.0,5.0,2.0,2.0,0.0,3,0.0,yes
2868,None,None,Business Class,None,None,2.0,1.0,1.0,3.0,0.0,1,0.0,no
2869,None,None,Economy Class,None,None,3.0,4.0,3.0,1.0,0.0,4,0.0,no
2870,None,None,Economy Class,None,None,5.0,5.0,5.0,5.0,0.0,5,0.0,yes
2871,None,None,Economy Class,None,None,3.0,5.0,4.0,4.0,0.0,4,0.0,yes
2872,None,None,Business Class,None,None,1.0,4.0,4.0,1.0,0.0,3,0.0,no
2873,None,None,Business Class,None,None,3.0,5.0,4.0,2.0,0.0,2,0.0,yes
2874,None,None,Business Class,None,None,4.0,5.0,5.0,5.0,0.0,3,0.0,yes
2875,None,None,Economy Class,None,None,3.0,3.0,1.0,3.0,0.0,1,0.0,no
2876,None,None,Premium Economy,None,None,4.0,5.0,5.0,3.0,0.0,5,0.0,yes
2877,None,None,Business Class,None,None,3.0,3.0,3.0,2.0,0.0,3,0.0,no
2878,None,None,Business Class,None,None,3.0,4.0,4.0,4.0,0.0,4,0.0,yes
2879,None,None,First Class,None,None,4.0,5.0,5.0,4.0,0.0,4,0.0,yes
2880,None,None,Business Class,None,None,3.0,5.0,5.0,1.0,0.0,4,0.0,yes
2881,None,None,Economy Class,None,None,2.0,4.0,4.0,1.0,0.0,4,0.0,yes
2882,None,None,Business Class,None,None,3.0,4.0,3.0,2.0,0.0,3,0.0,no
2883,None,None,Business Class,None,None,4.0,5.0,5.0,5.0,0.0,3,0.0,yes
2884,None,None,Business Class,None,None,5.0,4.0,4.0,5.0,0.0,4,0.0,yes
2885,None,None,Economy Class,None,None,1.0,1.0,2.0,1.0,0.0,1,0.0,no
2886,None,None,Business Class,None,None,4.0,4.0,4.0,4.0,0.0,4,0.0,yes
2887,None,None,Economy Class,None,None,4.0,5.0,5.0,1.0,0.0,5,0.0,yes
2888,None,None,Economy Class,None,None,2.0,1.0,1.0,3.0,0.0,2,0.0,no
2889,None,None,Business Class,None,None,4.0,4.0,3.0,3.0,0.0,5,0.0,yes
2890,None,None,First Class,None,None,2.0,1.0,4.0,1.0,0.0,1,0.0,no
2891,None,None,Economy Class,None,None,1.0,2.0,2.0,2.0,0.0,1,0.0,no
2892,None,None,Economy Class,None,None,4.0,4.0,1.0,1.0,0.0,2,0.0,no
2893,None,None,Economy Class,None,None,2.0,3.0,2.0,4.0,0.0,3,0.0,no
2894,None,None,Economy Class,None,None,2.0,2.0,1.0,2.0,0.0,3,0.0,no
2895,None,None,Economy Class,None,None,5.0,3.0,4.0,1.0,0.0,5,0.0,yes
2896,None,None,Business Class,None,None,3.0,4.0,4.0,3.0,0.0,4,0.0,yes
2897,None,None,First Class,None,None,4.0,3.0,2.0,2.0,0.0,4,0.0,yes
2898,None,None,Business Class,None,None,3.0,3.0,3.0,3.0,0.0,3,0.0,yes
2899,None,None,Business Class,None,None,5.0,5.0,5.0,4.0,0.0,5,0.0,yes
2900,None,None,Business Class,None,None,2.0,4.0,4.0,4.0,0.0,3,0.0,yes
2901,None,None,First Class,None,None,4.0,5.0,4.0,4.0,0.0,5,0.0,yes
2902,None,None,Economy Class,None,None,2.0,1.0,3.0,4.0,0.0,2,0.0,no
2903,None,None,Business Class,None,None,1.0,3.0,2.0,1.0,0.0,1,0.0,no
2904,None,None,Business Class,None,None,5.0,5.0,5.0,4.0,0.0,5,0.0,yes
2905,None,None,Business Class,None,None,5.0,2.0,4.0,5.0,0.0,3,0.0,yes
2906,None,None,First Class,None,None,3.0,5.0,2.0,3.0,0.0,3,0.0,no
2907,None,None,Business Class,None,None,5.0,5.0,5.0,4.0,0.0,5,0.0,yes
2908,None,None,Business Class,None,None,5.0,5.0,5.0,3.0,0.0,5,0.0,yes
2909,None,None,First Class,None,None,4.0,5.0,4.0,4.0,0.0,5,0.0,yes
2910,None,None,Economy Class,None,None,3.0,5.0,4.0,3.0,0.0,3,0.0,yes
2911,None,None,Business Class,None,None,2.0,4.0,4.0,4.0,0.0,3,0.0,yes
2912,None,None,First Class,None,None,4.0,5.0,4.0,4.0,0.0,5,0.0,yes
2913,None,None,Economy Class,None,None,2.0,1.0,3.0,4.0,0.0,2,0.0,no
2914,None,None,Business Class,None,None,1.0,3.0,2.0,1.0,0.0,1,0.0,no
2915,None,None,Business Class,None,None,5.0,5.0,5.0,4.0,0.0,5,0.0,yes
2916,None,None,Business Class,None,None,5.0,2.0,4.0,5.0,0.0,3,0.0,yes
2917,None,None,First Class,None,None,3.0,5.0,2.0,3.0,0.0,3,0.0,no
2918,None,None,Business Class,None,None,5.0,5.0,5.0,4.0,0.0,5,0.0,yes
2919,None,None,Business Class,None,None,5.0,5.0,5.0,3.0,0.0,5,0.0,yes
2920,None,None,Business Class,None,None,1.0,3.0,2.0,1.0,0.0,1,0.0,no
2921,None,None,Business Class,None,None,5.0,5.0,5.0,4.0,0.0,5,0.0,yes
2922,None,None,Business Class,None,None,5.0,2.0,4.0,5.0,0.0,3,0.0,yes
2923,None,None,First Class,None,None,3.0,5.0,2.0,3.0,0.0,3,0.0,no
2924,None,None,Business Class,None,None,5.0,5.0,5.0,4.0,0.0,5,0.0,yes
2925,None,None,Premium Economy,None,None,4.0,4.0,4.0,4.0,0.0,3,0.0,yes
2926,None,None,Economy Class,None,None,4.0,2.0,1.0,4.0,0.0,3,0.0,no
2927,None,None,Business Class,None,None,4.0,4.0,3.0,5.0,0.0,4,0.0,yes
2928,None,None,Economy Class,None,None,2.0,3.0,3.0,3.0,0.0,2,0.0,no
2929,None,None,First Class,None,None,5.0,5.0,5.0,3.0,0.0,4,0.0,yes
2930,None,None,First Class,None,None,5.0,5.0,5.0,3.0,0.0,4,0.0,yes
2931,None,None,Business Class,None,None,4.0,2.0,4.0,4.0,0.0,5,0.0,yes
2932,None,None,Business Class,None,None,5.0,5.0,3.0,3.0,0.0,5,0.0,yes
2933,None,None,Business Class,None,None,4.0,1.0,2.0,1.0,0.0,2,0.0,no
2934,None,None,Economy Class,None,None,3.0,1.0,1.0,1.0,0.0,1,0.0,no
2935,None,None,Business Class,None,None,1.0,2.0,1.0,1.0,0.0,2,0.0,no
2936,None,None,Premium Economy,None,None,4.0,1.0,3.0,4.0,0.0,4,0.0,no
2937,None,None,First Class,None,None,4.0,5.0,3.0,4.0,0.0,4,0.0,yes
2938,None,None,Economy Class,None,None,2.0,3.0,2.0,5.0,0.0,2,0.0,no
2939,None,None,Economy Class,None,None,1.0,2.0,4.0,2.0,0.0,3,0.0,no
2940,None,None,Business Class,None,None,4.0,1.0,2.0,1.0,0.0,2,0.0,no
2941,None,None,Economy Class,None,None,3.0,1.0,1.0,1.0,0.0,1,0.0,no
2942,None,None,Business Class,None,None,1.0,2.0,1.0,1.0,0.0,2,0.0,no
2943,None,None,Premium Economy,None,None,4.0,1.0,3.0,4.0,0.0,4,0.0,no
2944,None,None,Business Class,None,None,1.0,3.0,2.0,3.0,0.0,2,0.0,no
2945,None,None,Economy Class,None,None,3.0,3.0,4.0,1.0,0.0,3,0.0,yes
2946,None,None,Business Class,None,None,2.0,3.0,1.0,1.0,0.0,1,0.0,no
2947,None,None,Economy Class,None,None,2.0,2.0,1.0,1.0,0.0,2,0.0,no
2948,None,None,Business Class,None,None,3.0,2.0,2.0,3.0,0.0,2,0.0,no
2949,None,None,Business Class,None,None,1.0,4.0,1.0,1.0,0.0,1,0.0,no
2950,None,None,Economy Class,None,None,2.0,2.0,1.0,1.0,0.0,2,0.0,no
2951,None,None,Business Class,None,None,4.0,5.0,5.0,3.0,0.0,5,0.0,yes
2952,None,None,Business Class,None,None,4.0,2.0,4.0,4.0,0.0,3,0.0,yes
2953,None,None,Premium Economy,None,None,2.0,1.0,1.0,1.0,0.0,3,0.0,no
2954,None,None,Business Class,None,None,5.0,5.0,5.0,5.0,0.0,4,0.0,yes
2955,None,None,Business Class,None,None,1.0,3.0,1.0,3.0,0.0,1,0.0,no
2956,None,None,Premium Economy,None,None,3.0,3.0,4.0,2.0,0.0,4,0.0,yes
2957,None,None,Business Class,None,None,5.0,5.0,3.0,5.0,0.0,5,0.0,yes
2958,None,None,Premium Economy,None,None,3.0,3.0,3.0,3.0,0.0,2,0.0,yes
2959,None,None,Business Class,None,None,5.0,5.0,5.0,5.0,0.0,5,0.0,yes
2960,None,None,First Class,None,None,5.0,5.0,3.0,2.0,0.0,4,0.0,yes
2961,None,None,Business Class,None,None,3.0,3.0,1.0,2.0,0.0,1,0.0,no
2962,None,None,Business Class,None,None,2.0,2.0,2.0,1.0,0.0,1,0.0,no
2963,None,None,Economy Class,None,None,3.0,4.0,3.0,2.0,0.0,2,0.0,no
2964,None,None,Premium Economy,None,None,3.0,3.0,4.0,3.0,0.0,3,0.0,yes
2965,None,None,First Class,None,None,1.0,4.0,4.0,2.0,0.0,3,0.0,no
2966,None,None,Economy Class,None,None,4.0,5.0,4.0,5.0,0.0,5,0.0,yes
2967,None,None,Business Class,None,None,4.0,5.0,4.0,3.0,0.0,5,0.0,yes
2968,None,None,Business Class,None,None,2.0,1.0,1.0,1.0,0.0,1,0.0,no
2969,None,None,Economy Class,None,None,4.0,5.0,5.0,5.0,0.0,4,0.0,yes
2970,None,None,Business Class,None,None,2.0,1.0,1.0,1.0,0.0,1,0.0,no
2971,None,None,Economy Class,None,None,4.0,5.0,5.0,5.0,0.0,4,0.0,yes
2972,None,None,Business Class,None,None,5.0,5.0,5.0,4.0,0.0,5,0.0,yes
2973,None,None,Business Class,None,None,1.0,1.0,1.0,2.0,0.0,1,0.0,no
2974,None,None,Business Class,None,None,5.0,2.0,1.0,3.0,0.0,5,0.0,yes
2975,None,None,First Class,None,None,4.0,5.0,5.0,5.0,0.0,5,0.0,yes
2976,None,None,Business Class,None,None,1.0,5.0,3.0,1.0,0.0,1,0.0,no
2977,None,None,Economy Class,None,None,2.0,1.0,1.0,1.0,0.0,3,0.0,no
2978,None,None,Economy Class,None,None,4.0,2.0,5.0,3.0,0.0,5,0.0,yes
2979,None,None,Economy Class,None,None,4.0,5.0,3.0,3.0,0.0,5,0.0,yes
2980,None,None,First Class,None,None,4.0,5.0,5.0,5.0,0.0,5,0.0,yes
2981,None,None,Business Class,None,None,1.0,5.0,3.0,1.0,0.0,1,0.0,no
2982,None,None,Economy Class,None,None,2.0,1.0,1.0,1.0,0.0,3,0.0,no
2983,None,None,Business Class,None,None,2.0,5.0,2.0,1.0,0.0,3,0.0,yes
2984,None,None,Premium Economy,None,None,3.0,1.0,1.0,3.0,0.0,1,0.0,no
2985,None,None,Economy Class,None,None,5.0,5.0,4.0,3.0,0.0,5,0.0,yes
2986,None,None,Premium Economy,None,None,5.0,5.0,4.0,4.0,0.0,5,0.0,yes
2987,None,None,Premium Economy,None,None,3.0,4.0,2.0,3.0,0.0,3,0.0,no
2988,None,None,First Class,None,None,1.0,5.0,4.0,2.0,0.0,2,0.0,no
2989,None,None,Economy Class,None,None,5.0,5.0,5.0,2.0,0.0,4,0.0,yes
2990,None,None,Premium Economy,None,None,5.0,5.0,4.0,1.0,0.0,5,0.0,yes
2991,None,None,Economy Class,None,None,5.0,5.0,5.0,1.0,0.0,5,0.0,yes
2992,None,None,Premium Economy,None,None,4.0,4.0,3.0,3.0,0.0,4,0.0,yes
2993,None,None,Economy Class,None,None,1.0,5.0,5.0,5.0,0.0,4,0.0,yes
2994,None,None,Business Class,None,None,3.0,2.0,1.0,1.0,0.0,3,0.0,no
2995,None,None,Economy Class,None,None,2.0,3.0,3.0,2.0,0.0,4,0.0,no
2996,None,None,Economy Class,None,None,4.0,5.0,4.0,5.0,0.0,4,0.0,yes
2997,None,None,Economy Class,None,None,2.0,2.0,3.0,4.0,0.0,1,0.0,no
2998,None,None,Business Class,None,None,4.0,4.0,3.0,5.0,0.0,4,0.0,yes
2999,None,None,Economy Class,None,None,4.0,4.0,5.0,2.0,0.0,3,0.0,yes
3000,None,None,First Class,None,None,5.0,5.0,5.0,5.0,0.0,5,0.0,yes
3001,None,None,Business Class,None,None,4.0,4.0,3.0,5.0,0.0,4,0.0,yes
3002,None,None,Business Class,None,None,1.0,1.0,1.0,3.0,0.0,2,0.0,no
3003,None,None,Economy Class,None,None,4.0,5.0,5.0,1.0,0.0,5,0.0,yes
3004,None,None,Business Class,None,None,4.0,3.0,2.0,4.0,0.0,3,0.0,yes
3005,None,None,Business Class,None,None,4.0,5.0,4.0,4.0,0.0,5,0.0,yes
3006,None,None,Economy Class,None,None,4.0,4.0,4.0,3.0,0.0,5,0.0,yes
3007,None,None,Economy Class,None,None,2.0,3.0,2.0,4.0,0.0,4,0.0,no
3008,None,None,Economy Class,None,None,3.0,1.0,1.0,1.0,0.0,3,0.0,no
3009,None,None,Business Class,None,None,4.0,4.0,3.0,1.0,0.0,4,0.0,yes
3010,None,None,Business Class,None,None,4.0,3.0,2.0,4.0,0.0,3,0.0,yes
3011,None,None,Economy Class,None,None,1.0,1.0,2.0,1.0,0.0,2,0.0,no
3012,None,None,Business Class,None,None,3.0,4.0,2.0,2.0,0.0,3,0.0,yes
3013,None,None,Business Class,None,None,4.0,3.0,1.0,4.0,0.0,3,0.0,yes
3014,None,None,Business Class,None,None,3.0,4.0,3.0,3.0,0.0,4,0.0,yes
3015,None,None,Economy Class,None,None,5.0,5.0,4.0,3.0,0.0,4,0.0,yes
3016,None,None,Business Class,None,None,1.0,5.0,2.0,1.0,0.0,1,0.0,no
3017,None,None,Business Class,None,None,4.0,4.0,3.0,3.0,0.0,3,0.0,yes
3018,None,None,Economy Class,None,None,1.0,1.0,2.0,3.0,0.0,2,0.0,no
3019,None,None,Business Class,None,None,4.0,5.0,4.0,1.0,0.0,5,0.0,yes
3020,None,None,First Class,None,None,5.0,5.0,5.0,5.0,0.0,5,0.0,yes
3021,None,None,Economy Class,None,None,1.0,1.0,2.0,1.0,0.0,2,0.0,no
3022,None,None,Business Class,None,None,3.0,4.0,2.0,2.0,0.0,3,0.0,yes
3023,None,None,Business Class,None,None,4.0,3.0,1.0,4.0,0.0,3,0.0,yes
3024,None,None,Business Class,None,None,3.0,4.0,3.0,3.0,0.0,4,0.0,yes
3025,None,None,Economy Class,None,None,5.0,5.0,4.0,3.0,0.0,4,0.0,yes
3026,None,None,Business Class,None,None,1.0,5.0,2.0,1.0,0.0,1,0.0,no
3027,None,None,Business Class,None,None,4.0,4.0,3.0,3.0,0.0,3,0.0,yes
3028,None,None,Economy Class,None,None,1.0,1.0,2.0,3.0,0.0,2,0.0,no
3029,None,None,Economy Class,None,None,2.0,2.0,3.0,2.0,0.0,3,0.0,no
3030,None,None,Economy Class,None,None,3.0,2.0,1.0,5.0,0.0,2,0.0,no
3031,None,None,First Class,None,None,1.0,4.0,2.0,2.0,0.0,2,0.0,no
3032,None,None,Economy Class,None,None,2.0,2.0,3.0,2.0,0.0,3,0.0,no
3033,None,None,Premium Economy,None,None,1.0,1.0,1.0,1.0,0.0,1,0.0,no
3034,None,None,Economy Class,None,None,5.0,5.0,5.0,5.0,0.0,5,0.0,yes
3035,None,None,Economy Class,None,None,5.0,5.0,5.0,1.0,0.0,5,0.0,yes
3036,None,None,Premium Economy,None,None,4.0,5.0,4.0,4.0,0.0,5,0.0,yes
3037,None,None,Economy Class,None,None,5.0,5.0,3.0,1.0,0.0,5,0.0,yes
3038,None,None,Business Class,None,None,5.0,5.0,4.0,4.0,0.0,5,0.0,yes
3039,None,None,Business Class,None,None,3.0,3.0,3.0,3.0,0.0,4,0.0,yes
3040,None,None,Economy Class,None,None,5.0,5.0,3.0,1.0,0.0,5,0.0,yes
3041,None,None,Business Class,None,None,3.0,1.0,2.0,2.0,0.0,2,0.0,no
3042,None,None,Premium Economy,None,None,5.0,5.0,2.0,5.0,0.0,5,0.0,yes
3043,None,None,Economy Class,None,None,3.0,3.0,1.0,3.0,0.0,2,0.0,no
3044,None,None,Business Class,None,None,2.0,1.0,1.0,4.0,0.0,3,0.0,no
3045,None,None,Economy Class,None,None,3.0,1.0,1.0,1.0,0.0,3,0.0,no
3046,None,None,Business Class,None,None,5.0,5.0,5.0,3.0,0.0,4,0.0,yes
3047,None,None,Economy Class,None,None,2.0,3.0,1.0,1.0,0.0,2,0.0,no
3048,None,None,Business Class,None,None,2.0,5.0,4.0,2.0,0.0,4,0.0,yes
3049,None,None,Economy Class,None,None,2.0,1.0,1.0,2.0,0.0,2,0.0,no
3050,None,None,First Class,None,None,2.0,3.0,1.0,1.0,0.0,3,0.0,no
3051,None,None,Business Class,None,None,1.0,2.0,2.0,1.0,0.0,1,0.0,no
3052,None,None,Business Class,None,None,4.0,5.0,4.0,3.0,0.0,5,0.0,yes
3053,None,None,Economy Class,None,None,3.0,2.0,1.0,1.0,0.0,2,0.0,no
3054,None,None,Economy Class,None,None,3.0,3.0,3.0,1.0,0.0,3,0.0,no
3055,None,None,Economy Class,None,None,3.0,3.0,4.0,2.0,0.0,3,0.0,no
3056,None,None,Economy Class,None,None,4.0,1.0,2.0,1.0,0.0,1,0.0,no
3057,None,None,Economy Class,None,None,3.0,4.0,3.0,3.0,0.0,3,0.0,yes
3058,None,None,Premium Economy,None,None,1.0,1.0,1.0,1.0,0.0,1,0.0,no
3059,None,None,Economy Class,None,None,4.0,2.0,2.0,2.0,0.0,4,0.0,no
3060,None,None,Business Class,None,None,3.0,2.0,1.0,3.0,0.0,2,0.0,no
3061,None,None,Business Class,None,None,4.0,5.0,5.0,5.0,0.0,4,0.0,yes
3062,None,None,Business Class,None,None,3.0,1.0,1.0,2.0,0.0,1,0.0,no
3063,None,None,Economy Class,None,None,4.0,5.0,4.0,1.0,0.0,4,0.0,yes
3064,None,None,Business Class,None,None,3.0,3.0,3.0,2.0,0.0,2,0.0,no
3065,None,None,Economy Class,None,None,1.0,2.0,1.0,2.0,0.0,1,0.0,no
3066,None,None,Premium Economy,None,None,3.0,5.0,2.0,2.0,0.0,4,0.0,yes
3067,None,None,Economy Class,None,None,2.0,1.0,2.0,3.0,0.0,2,0.0,no
3068,None,None,Economy Class,None,None,1.0,1.0,1.0,2.0,0.0,1,0.0,no
3069,None,None,Business Class,None,None,4.0,5.0,5.0,3.0,0.0,5,0.0,yes
3070,None,None,Business Class,None,None,5.0,5.0,5.0,3.0,0.0,5,0.0,yes
3071,None,None,Premium Economy,None,None,4.0,5.0,4.0,4.0,0.0,4,0.0,yes
3072,None,None,Economy Class,None,None,5.0,5.0,4.0,5.0,0.0,5,0.0,yes
3073,None,None,Business Class,None,None,3.0,3.0,3.0,2.0,0.0,2,0.0,no
3074,None,None,Economy Class,None,None,1.0,2.0,1.0,2.0,0.0,1,0.0,no
3075,None,None,Premium Economy,None,None,3.0,5.0,2.0,2.0,0.0,4,0.0,yes
3076,None,None,Economy Class,None,None,2.0,1.0,2.0,3.0,0.0,2,0.0,no
3077,None,None,Economy Class,None,None,1.0,1.0,1.0,2.0,0.0,1,0.0,no
3078,None,None,Business Class,None,None,1.0,1.0,1.0,1.0,0.0,1,0.0,no
3079,None,None,Business Class,None,None,1.0,1.0,1.0,1.0,0.0,1,0.0,no
3080,None,None,Economy Class,None,None,2.0,3.0,1.0,1.0,0.0,4,0.0,no
3081,None,None,Economy Class,None,None,3.0,2.0,1.0,2.0,0.0,2,0.0,no
3082,None,None,Economy Class,None,None,5.0,5.0,3.0,0.0,0.0,5,0.0,yes
3083,None,None,Premium Economy,None,None,3.0,4.0,1.0,1.0,0.0,3,0.0,yes
3084,None,None,Business Class,None,None,4.0,3.0,4.0,1.0,0.0,3,0.0,no
3085,None,None,Business Class,None,None,3.0,2.0,4.0,1.0,0.0,1,0.0,no
3086,None,None,Business Class,None,None,1.0,1.0,1.0,1.0,0.0,1,0.0,no
3087,None,None,Premium Economy,None,None,5.0,5.0,5.0,5.0,0.0,5,0.0,yes
3088,None,None,Business Class,None,None,1.0,1.0,1.0,1.0,0.0,1,0.0,no
3089,None,None,Business Class,None,None,1.0,1.0,1.0,1.0,0.0,1,0.0,no
3090,None,None,Premium Economy,None,None,2.0,5.0,5.0,3.0,0.0,2,0.0,yes
3091,None,None,Business Class,None,None,3.0,2.0,3.0,3.0,0.0,3,0.0,no
3092,None,None,Economy Class,None,None,1.0,1.0,1.0,1.0,0.0,1,0.0,no
3093,None,None,Economy Class,None,None,3.0,5.0,5.0,4.0,0.0,5,0.0,yes
3094,None,None,Business Class,None,None,4.0,1.0,2.0,2.0,0.0,4,0.0,yes
3095,None,None,Business Class,None,None,4.0,5.0,5.0,2.0,0.0,5,0.0,yes
3096,None,None,Economy Class,None,None,4.0,3.0,4.0,2.0,0.0,3,0.0,yes
3097,None,None,Economy Class,None,None,4.0,5.0,3.0,1.0,0.0,3,0.0,yes
3098,None,None,Economy Class,None,None,2.0,4.0,2.0,4.0,0.0,1,0.0,no
3099,None,None,Economy Class,None,None,3.0,2.0,1.0,3.0,0.0,2,0.0,no
3100,None,None,Business Class,None,None,4.0,5.0,4.0,4.0,0.0,4,0.0,yes
3101,None,None,Economy Class,None,None,1.0,1.0,1.0,1.0,0.0,1,0.0,no
3102,None,None,Economy Class,None,None,2.0,1.0,1.0,1.0,0.0,2,0.0,no
3103,None,None,Premium Economy,None,None,1.0,2.0,1.0,2.0,0.0,1,0.0,no
3104,None,None,Economy Class,None,None,3.0,1.0,2.0,2.0,0.0,1,0.0,no
3105,None,None,First Class,None,None,5.0,4.0,5.0,5.0,0.0,3,0.0,yes
3106,None,None,Business Class,None,None,1.0,1.0,1.0,1.0,0.0,1,0.0,no
3107,None,None,Economy Class,None,None,1.0,5.0,4.0,5.0,0.0,4,0.0,yes
3108,None,None,Economy Class,None,None,1.0,3.0,3.0,3.0,0.0,2,0.0,no
3109,None,None,Economy Class,None,None,4.0,5.0,4.0,5.0,0.0,5,0.0,yes
3110,None,None,Premium Economy,None,None,1.0,2.0,1.0,2.0,0.0,1,0.0,no
3111,None,None,Economy Class,None,None,3.0,1.0,2.0,2.0,0.0,1,0.0,no
3112,None,None,Economy Class,None,None,3.0,4.0,1.0,1.0,0.0,3,0.0,no
3113,None,None,Economy Class,None,None,1.0,1.0,1.0,1.0,0.0,1,0.0,no
3114,None,None,Business Class,None,None,4.0,4.0,4.0,2.0,0.0,5,0.0,yes
3115,None,None,Business Class,None,None,2.0,2.0,1.0,1.0,0.0,2,0.0,no
3116,None,None,Economy Class,None,None,2.0,2.0,1.0,2.0,0.0,1,0.0,no
3117,None,None,Economy Class,None,None,1.0,1.0,1.0,1.0,0.0,1,0.0,no
3118,None,None,Economy Class,None,None,3.0,4.0,2.0,5.0,0.0,5,0.0,yes
3119,None,None,Business Class,None,None,1.0,2.0,1.0,1.0,0.0,1,0.0,no
3120,None,None,Economy Class,None,None,3.0,2.0,3.0,1.0,0.0,1,0.0,no
3121,None,None,Economy Class,None,None,3.0,4.0,2.0,5.0,0.0,5,0.0,yes
3122,None,None,Business Class,None,None,1.0,2.0,1.0,1.0,0.0,1,0.0,no
3123,None,None,Business Class,None,None,3.0,5.0,4.0,2.0,0.0,3,0.0,no
3124,None,None,Economy Class,None,None,2.0,2.0,3.0,1.0,0.0,4,0.0,no
3125,None,None,Premium Economy,None,None,2.0,1.0,1.0,1.0,0.0,2,0.0,no
3126,None,None,Business Class,None,None,2.0,3.0,3.0,1.0,0.0,1,0.0,no
3127,None,None,Business Class,None,None,3.0,4.0,4.0,1.0,0.0,3,0.0,yes
3128,None,None,Economy Class,None,None,1.0,2.0,1.0,2.0,0.0,2,0.0,no
3129,None,None,Economy Class,None,None,4.0,5.0,5.0,5.0,0.0,4,0.0,yes
3130,None,None,Business Class,None,None,3.0,4.0,4.0,4.0,0.0,3,0.0,yes
3131,None,None,Economy Class,None,None,1.0,2.0,1.0,2.0,0.0,2,0.0,no
3132,None,None,Economy Class,None,None,4.0,5.0,5.0,5.0,0.0,4,0.0,yes
3133,None,None,Economy Class,None,None,4.0,4.0,4.0,4.0,0.0,4,0.0,yes
3134,None,None,Premium Economy,None,None,3.0,1.0,1.0,2.0,0.0,2,0.0,no
3135,None,None,Premium Economy,None,None,3.0,4.0,4.0,2.0,0.0,3,0.0,yes
3136,None,None,Business Class,None,None,3.0,5.0,4.0,1.0,0.0,4,0.0,yes
3137,None,None,Business Class,None,None,5.0,5.0,3.0,4.0,0.0,5,0.0,yes
3138,None,None,Business Class,None,None,5.0,5.0,5.0,5.0,0.0,5,0.0,yes
3139,None,None,Business Class,None,None,5.0,5.0,4.0,4.0,0.0,3,0.0,yes
3140,None,None,Economy Class,None,None,3.0,4.0,3.0,1.0,0.0,5,0.0,yes
3141,None,None,Business Class,None,None,3.0,3.0,3.0,1.0,0.0,1,0.0,no
3142,None,None,Economy Class,None,None,3.0,4.0,3.0,1.0,0.0,4,0.0,yes
3143,None,None,Business Class,None,None,4.0,2.0,1.0,1.0,0.0,2,0.0,no
3144,None,None,Economy Class,None,None,2.0,2.0,2.0,1.0,0.0,2,0.0,no
3145,None,None,Economy Class,None,None,3.0,5.0,4.0,5.0,0.0,4,0.0,yes
3146,None,None,Business Class,None,None,4.0,5.0,4.0,4.0,0.0,5,0.0,yes
3147,None,None,Economy Class,None,None,3.0,4.0,3.0,1.0,0.0,4,0.0,yes
3148,None,None,Economy Class,None,None,3.0,4.0,3.0,4.0,0.0,1,0.0,no
3149,None,None,Economy Class,None,None,4.0,4.0,3.0,4.0,0.0,4,0.0,yes
3150,None,None,Business Class,None,None,1.0,1.0,1.0,1.0,0.0,1,0.0,no
3151,None,None,Business Class,None,None,3.0,5.0,5.0,1.0,0.0,5,0.0,yes
3152,None,None,Economy Class,None,None,4.0,3.0,2.0,1.0,0.0,4,0.0,no
3153,None,None,Economy Class,None,None,3.0,5.0,1.0,1.0,0.0,4,0.0,no
3154,None,None,Business Class,None,None,4.0,5.0,5.0,1.0,0.0,5,0.0,yes
3155,None,None,Economy Class,None,None,3.0,5.0,5.0,3.0,0.0,4,0.0,yes
3156,None,None,Economy Class,None,None,1.0,1.0,1.0,1.0,0.0,1,0.0,no
3157,None,None,Economy Class,None,None,2.0,1.0,3.0,1.0,0.0,1,0.0,no
3158,None,None,Economy Class,None,None,4.0,5.0,5.0,5.0,0.0,4,0.0,yes
3159,None,None,Premium Economy,None,None,5.0,4.0,4.0,5.0,0.0,5,0.0,yes
3160,None,None,Business Class,None,None,5.0,5.0,5.0,5.0,0.0,5,0.0,yes
3161,None,None,Business Class,None,None,5.0,5.0,4.0,5.0,0.0,5,0.0,yes
3162,None,None,Business Class,None,None,2.0,3.0,3.0,3.0,0.0,3,0.0,no
3163,None,None,Economy Class,None,None,4.0,5.0,3.0,1.0,0.0,5,0.0,yes
3164,None,None,Economy Class,None,None,4.0,3.0,3.0,3.0,0.0,4,0.0,yes
3165,None,None,Business Class,None,None,1.0,2.0,2.0,3.0,0.0,1,0.0,no
3166,None,None,Economy Class,None,None,5.0,5.0,5.0,1.0,0.0,5,0.0,yes
3167,None,None,Economy Class,None,None,4.0,4.0,3.0,1.0,0.0,5,0.0,yes
3168,None,None,Business Class,None,None,1.0,5.0,5.0,1.0,0.0,1,0.0,no
3169,None,None,Premium Economy,None,None,2.0,1.0,1.0,2.0,0.0,1,0.0,no
3170,None,None,Economy Class,None,None,4.0,3.0,3.0,3.0,0.0,4,0.0,yes
3171,None,None,Economy Class,None,None,3.0,5.0,2.0,1.0,0.0,4,0.0,yes
3172,None,None,Business Class,None,None,4.0,3.0,2.0,2.0,0.0,3,0.0,no
3173,None,None,Premium Economy,None,None,4.0,3.0,4.0,3.0,0.0,4,0.0,yes
3174,None,None,Economy Class,None,None,1.0,4.0,1.0,2.0,0.0,1,0.0,no
3175,None,None,Business Class,None,None,4.0,5.0,5.0,3.0,0.0,4,0.0,yes
3176,None,None,Economy Class,None,None,2.0,1.0,3.0,4.0,0.0,4,0.0,no
3177,None,None,Business Class,None,None,1.0,1.0,1.0,1.0,0.0,1,0.0,no
3178,None,None,Premium Economy,None,None,2.0,2.0,1.0,2.0,0.0,1,0.0,no
3179,None,None,Economy Class,None,None,2.0,1.0,1.0,1.0,0.0,2,0.0,no
3180,None,None,Premium Economy,None,None,4.0,5.0,4.0,4.0,0.0,4,0.0,yes
3181,None,None,Economy Class,None,None,1.0,3.0,4.0,4.0,0.0,2,0.0,no
3182,None,None,Business Class,None,None,4.0,4.0,4.0,4.0,0.0,5,0.0,yes
3183,None,None,Business Class,None,None,1.0,2.0,2.0,1.0,0.0,1,0.0,no
3184,None,None,Business Class,None,None,2.0,5.0,2.0,4.0,0.0,3,0.0,yes
3185,None,None,Business Class,None,None,4.0,3.0,5.0,1.0,0.0,1,0.0,no
3186,None,None,Business Class,None,None,1.0,1.0,1.0,1.0,0.0,1,0.0,no
3187,None,None,Premium Economy,None,None,2.0,2.0,1.0,2.0,0.0,1,0.0,no
3188,None,None,Economy Class,None,None,2.0,1.0,1.0,1.0,0.0,2,0.0,no
3189,None,None,Economy Class,None,None,2.0,4.0,2.0,2.0,0.0,3,0.0,yes
3190,None,None,First Class,None,None,4.0,5.0,5.0,3.0,0.0,2,0.0,no
3191,None,None,Business Class,None,None,2.0,2.0,1.0,1.0,0.0,1,0.0,no
3192,None,None,Business Class,None,None,5.0,5.0,5.0,4.0,0.0,5,0.0,yes
3193,None,None,Business Class,None,None,4.0,4.0,4.0,3.0,0.0,4,0.0,yes
3194,None,None,Economy Class,None,None,2.0,3.0,3.0,1.0,0.0,2,0.0,no
3195,None,None,Economy Class,None,None,5.0,5.0,5.0,1.0,0.0,5,0.0,yes
3196,None,None,Business Class,None,None,1.0,3.0,2.0,1.0,0.0,1,0.0,no
3197,None,None,Economy Class,None,None,4.0,3.0,2.0,5.0,0.0,4,0.0,yes
3198,None,None,Economy Class,None,None,3.0,3.0,1.0,3.0,0.0,3,0.0,no
3199,None,None,First Class,None,None,4.0,4.0,4.0,3.0,0.0,3,0.0,yes
3200,None,None,Business Class,None,None,2.0,3.0,3.0,3.0,0.0,1,0.0,no
3201,None,None,Economy Class,None,None,1.0,2.0,1.0,2.0,0.0,1,0.0,no
3202,None,None,Economy Class,None,None,4.0,4.0,4.0,1.0,0.0,4,0.0,yes
3203,None,None,Business Class,None,None,2.0,2.0,1.0,2.0,0.0,1,0.0,no
3204,None,None,Economy Class,None,None,5.0,5.0,5.0,0.0,0.0,5,0.0,yes
3205,None,None,Economy Class,None,None,5.0,5.0,5.0,5.0,0.0,5,0.0,yes
3206,None,None,Economy Class,None,None,4.0,4.0,4.0,2.0,0.0,4,0.0,yes
3207,None,None,Economy Class,None,None,5.0,5.0,4.0,1.0,0.0,5,0.0,yes
3208,None,None,Business Class,None,None,4.0,5.0,4.0,3.0,0.0,5,0.0,yes
3209,None,None,Business Class,None,None,2.0,4.0,4.0,4.0,0.0,3,0.0,no
3210,None,None,Business Class,None,None,2.0,4.0,4.0,2.0,0.0,4,0.0,yes
3211,None,None,Economy Class,None,None,2.0,1.0,1.0,1.0,0.0,1,0.0,no
3212,None,None,Business Class,None,None,4.0,4.0,4.0,3.0,0.0,4,0.0,yes
3213,None,None,Business Class,None,None,4.0,5.0,4.0,4.0,0.0,4,0.0,yes
3214,None,None,Business Class,None,None,2.0,4.0,4.0,4.0,0.0,3,0.0,no
3215,None,None,Premium Economy,None,None,1.0,1.0,1.0,3.0,0.0,1,0.0,no
3216,None,None,Business Class,None,None,3.0,5.0,3.0,2.0,0.0,2,0.0,no
3217,None,None,Business Class,None,None,3.0,3.0,4.0,1.0,0.0,3,0.0,yes
3218,None,None,Economy Class,None,None,3.0,3.0,1.0,1.0,0.0,2,0.0,no
3219,None,None,Business Class,None,None,5.0,5.0,5.0,4.0,0.0,4,0.0,yes
3220,None,None,Business Class,None,None,2.0,4.0,3.0,5.0,0.0,2,0.0,no
3221,None,None,Premium Economy,None,None,4.0,4.0,4.0,3.0,0.0,3,0.0,yes
3222,None,None,Business Class,None,None,1.0,5.0,1.0,3.0,0.0,2,0.0,no
3223,None,None,Economy Class,None,None,5.0,5.0,5.0,5.0,0.0,5,0.0,yes
3224,None,None,First Class,None,None,4.0,5.0,4.0,3.0,0.0,5,0.0,yes
3225,None,None,Economy Class,None,None,3.0,3.0,3.0,1.0,0.0,4,0.0,no
3226,None,None,Business Class,None,None,4.0,5.0,4.0,1.0,0.0,5,0.0,yes
3227,None,None,Economy Class,None,None,3.0,5.0,4.0,4.0,0.0,3,0.0,yes
3228,None,None,Business Class,None,None,4.0,3.0,3.0,4.0,0.0,5,0.0,yes
3229,None,None,Economy Class,None,None,1.0,1.0,1.0,1.0,0.0,1,0.0,no
3230,None,None,Business Class,None,None,2.0,2.0,1.0,1.0,0.0,2,0.0,no
3231,None,None,Economy Class,None,None,4.0,5.0,5.0,5.0,0.0,5,0.0,yes
3232,None,None,Economy Class,None,None,5.0,5.0,4.0,1.0,0.0,5,0.0,yes
3233,None,None,Economy Class,None,None,1.0,1.0,1.0,1.0,0.0,1,0.0,no
3234,None,None,Business Class,None,None,3.0,3.0,3.0,1.0,0.0,4,0.0,yes
3235,None,None,Business Class,None,None,4.0,4.0,3.0,4.0,0.0,4,0.0,yes
3236,None,None,Business Class,None,None,1.0,1.0,1.0,1.0,0.0,1,0.0,no
3237,None,None,Business Class,None,None,4.0,5.0,4.0,2.0,0.0,5,0.0,yes
3238,None,None,Economy Class,None,None,3.0,4.0,4.0,2.0,0.0,5,0.0,yes
3239,None,None,Business Class,None,None,4.0,5.0,3.0,2.0,0.0,5,0.0,yes
3240,None,None,Business Class,None,None,4.0,5.0,3.0,2.0,0.0,5,0.0,yes
3241,None,None,Business Class,None,None,1.0,1.0,1.0,1.0,0.0,1,0.0,no
3242,None,None,Economy Class,None,None,3.0,3.0,3.0,1.0,0.0,4,0.0,yes
3243,None,None,Business Class,None,None,4.0,5.0,5.0,4.0,0.0,4,0.0,yes
3244,None,None,Economy Class,None,None,3.0,2.0,2.0,4.0,0.0,3,0.0,no
3245,None,None,Business Class,None,None,4.0,1.0,1.0,1.0,0.0,1,0.0,no
3246,None,None,Economy Class,None,None,2.0,1.0,3.0,4.0,0.0,5,0.0,no
3247,None,None,Economy Class,None,None,4.0,4.0,3.0,3.0,0.0,4,0.0,yes
3248,None,None,Economy Class,None,None,4.0,3.0,4.0,4.0,0.0,4,0.0,yes
3249,None,None,Economy Class,None,None,2.0,3.0,2.0,3.0,0.0,3,0.0,no
3250,None,None,Economy Class,None,None,3.0,3.0,3.0,3.0,0.0,4,0.0,yes
3251,None,None,Business Class,None,None,5.0,5.0,5.0,5.0,0.0,5,0.0,yes
3252,None,None,Business Class,None,None,4.0,4.0,4.0,4.0,0.0,4,0.0,yes
3253,None,None,Business Class,None,None,5.0,5.0,4.0,4.0,0.0,5,0.0,yes
3254,None,None,Business Class,None,None,4.0,1.0,1.0,1.0,0.0,1,0.0,no
3255,None,None,Economy Class,None,None,2.0,1.0,3.0,4.0,0.0,5,0.0,no
3256,None,None,Economy Class,None,None,1.0,1.0,1.0,2.0,0.0,1,0.0,no
3257,None,None,Economy Class,None,None,4.0,5.0,4.0,1.0,0.0,4,0.0,yes
3258,None,None,Economy Class,None,None,4.0,5.0,3.0,1.0,0.0,5,0.0,yes
3259,None,None,First Class,None,None,3.0,5.0,3.0,3.0,0.0,4,0.0,yes
3260,None,None,Business Class,None,None,4.0,3.0,4.0,4.0,0.0,4,0.0,yes
3261,None,None,Business Class,None,None,3.0,1.0,1.0,1.0,0.0,2,0.0,no
3262,None,None,Business Class,None,None,3.0,1.0,1.0,1.0,0.0,1,0.0,yes
3263,None,None,Economy Class,None,None,4.0,3.0,4.0,1.0,0.0,5,0.0,yes
3264,None,None,Premium Economy,None,None,4.0,4.0,4.0,3.0,0.0,4,0.0,yes
3265,None,None,Premium Economy,None,None,5.0,5.0,4.0,5.0,0.0,4,0.0,yes
3266,None,None,Economy Class,None,None,3.0,4.0,3.0,3.0,0.0,3,0.0,yes
3267,None,None,Economy Class,None,None,5.0,4.0,4.0,5.0,0.0,5,0.0,yes
3268,None,None,Economy Class,None,None,4.0,5.0,5.0,4.0,0.0,5,0.0,yes
3269,None,None,Business Class,None,None,1.0,1.0,1.0,1.0,0.0,1,0.0,no
3270,None,None,Business Class,None,None,2.0,2.0,2.0,1.0,0.0,1,0.0,no
3271,None,None,Business Class,None,None,3.0,5.0,2.0,1.0,0.0,3,0.0,yes
3272,None,None,Economy Class,None,None,4.0,5.0,4.0,1.0,0.0,3,0.0,yes
3273,None,None,Premium Economy,None,None,5.0,4.0,4.0,5.0,0.0,4,0.0,yes
3274,None,None,Economy Class,None,None,3.0,1.0,1.0,1.0,0.0,1,0.0,no
3275,None,None,Economy Class,None,None,1.0,3.0,1.0,1.0,0.0,1,0.0,no
3276,None,None,Premium Economy,None,None,5.0,5.0,5.0,4.0,0.0,5,0.0,yes
3277,None,None,Economy Class,None,None,3.0,3.0,4.0,1.0,0.0,3,0.0,yes
3278,None,None,Economy Class,None,None,4.0,5.0,4.0,1.0,0.0,4,0.0,yes
3279,None,None,Premium Economy,None,None,2.0,2.0,2.0,2.0,0.0,2,0.0,no
3280,None,None,Economy Class,None,None,4.0,4.0,4.0,5.0,0.0,4,0.0,yes
3281,None,None,Premium Economy,None,None,2.0,2.0,2.0,2.0,0.0,2,0.0,no
3282,None,None,First Class,None,None,5.0,5.0,5.0,3.0,0.0,5,0.0,yes
3283,None,None,First Class,None,None,5.0,5.0,1.0,1.0,0.0,5,0.0,no
3284,None,None,Premium Economy,None,None,4.0,4.0,3.0,3.0,0.0,3,0.0,yes
3285,None,None,Business Class,None,None,5.0,5.0,4.0,5.0,0.0,5,0.0,yes
3286,None,None,Business Class,None,None,3.0,4.0,3.0,3.0,0.0,4,0.0,yes
3287,None,None,Business Class,None,None,2.0,3.0,3.0,3.0,0.0,1,0.0,yes
3288,None,None,Business Class,None,None,4.0,2.0,4.0,4.0,0.0,3,0.0,yes
3289,None,None,Economy Class,None,None,1.0,4.0,3.0,5.0,0.0,3,0.0,yes
3290,None,None,First Class,None,None,5.0,5.0,4.0,0.0,0.0,4,0.0,yes
3291,None,None,Economy Class,None,None,1.0,1.0,1.0,1.0,0.0,1,0.0,no
3292,None,None,Premium Economy,None,None,4.0,4.0,3.0,3.0,0.0,3,0.0,yes
3293,None,None,Business Class,None,None,5.0,5.0,4.0,5.0,0.0,5,0.0,yes
3294,None,None,Economy Class,None,None,2.0,4.0,4.0,3.0,0.0,4,0.0,yes
3295,None,None,Business Class,None,None,3.0,4.0,3.0,2.0,0.0,3,0.0,no
3296,None,None,First Class,None,None,3.0,4.0,2.0,2.0,0.0,3,0.0,no
3297,None,None,Economy Class,None,None,4.0,3.0,1.0,3.0,0.0,1,0.0,no
3298,None,None,Business Class,None,None,4.0,2.0,4.0,3.0,0.0,5,0.0,yes
3299,None,None,Business Class,None,None,5.0,5.0,4.0,4.0,0.0,5,0.0,yes
3300,None,None,Business Class,None,None,5.0,5.0,4.0,4.0,0.0,5,0.0,yes
3301,None,None,Premium Economy,None,None,3.0,4.0,3.0,1.0,0.0,3,0.0,no
3302,None,None,Business Class,None,None,5.0,5.0,4.0,1.0,0.0,4,0.0,yes
3303,None,None,Economy Class,None,None,3.0,5.0,2.0,3.0,0.0,4,0.0,yes
3304,None,None,Economy Class,None,None,1.0,1.0,1.0,1.0,0.0,1,0.0,no
3305,None,None,First Class,None,None,4.0,2.0,2.0,2.0,0.0,2,0.0,no
3306,None,None,Premium Economy,None,None,2.0,3.0,1.0,2.0,0.0,1,0.0,no
3307,None,None,Economy Class,None,None,5.0,5.0,5.0,3.0,0.0,5,0.0,yes
3308,None,None,Economy Class,None,None,1.0,2.0,1.0,3.0,0.0,2,0.0,no
3309,None,None,Premium Economy,None,None,5.0,5.0,5.0,3.0,0.0,5,0.0,yes
3310,None,None,Business Class,None,None,4.0,2.0,3.0,4.0,0.0,4,0.0,no
3311,None,None,Business Class,None,None,1.0,3.0,2.0,1.0,0.0,1,0.0,no
3312,None,None,Business Class,None,None,5.0,5.0,3.0,5.0,0.0,5,0.0,yes
3313,None,None,Business Class,None,None,5.0,5.0,5.0,5.0,0.0,5,0.0,yes
3314,None,None,Economy Class,None,None,5.0,3.0,4.0,5.0,0.0,4,0.0,yes
3315,None,None,Economy Class,None,None,1.0,4.0,3.0,3.0,0.0,3,0.0,no
3316,None,None,Economy Class,None,None,1.0,1.0,1.0,3.0,0.0,1,0.0,no
3317,None,None,Business Class,None,None,1.0,3.0,4.0,1.0,0.0,1,0.0,no
3318,None,None,Business Class,None,None,1.0,1.0,2.0,3.0,0.0,1,0.0,no
3319,None,None,Business Class,None,None,5.0,5.0,5.0,4.0,0.0,5,0.0,yes
3320,None,None,Economy Class,None,None,3.0,3.0,3.0,3.0,0.0,4,0.0,yes
3321,None,None,Economy Class,None,None,5.0,5.0,4.0,3.0,0.0,5,0.0,yes
3322,None,None,First Class,None,None,2.0,5.0,5.0,1.0,0.0,1,0.0,no
3323,None,None,Business Class,None,None,3.0,4.0,3.0,1.0,0.0,3,0.0,no
3324,None,None,Business Class,None,None,3.0,1.0,3.0,3.0,0.0,1,0.0,no
3325,None,None,Business Class,None,None,2.0,4.0,3.0,1.0,0.0,3,0.0,no
3326,None,None,Business Class,None,None,4.0,5.0,5.0,5.0,0.0,5,0.0,yes
3327,None,None,Economy Class,None,None,5.0,5.0,4.0,5.0,0.0,4,0.0,yes
3328,None,None,Economy Class,None,None,4.0,5.0,4.0,5.0,0.0,4,0.0,yes
3329,None,None,Premium Economy,None,None,5.0,5.0,4.0,5.0,0.0,5,0.0,yes
3330,None,None,Economy Class,None,None,4.0,5.0,4.0,5.0,0.0,4,0.0,yes
3331,None,None,Premium Economy,None,None,5.0,5.0,5.0,5.0,0.0,4,0.0,yes
3332,None,None,Economy Class,None,None,5.0,5.0,5.0,5.0,0.0,5,0.0,yes
3333,None,None,Economy Class,None,None,5.0,5.0,5.0,4.0,0.0,5,0.0,yes
3334,None,None,Economy Class,None,None,3.0,5.0,1.0,1.0,0.0,5,0.0,yes
3335,None,None,Economy Class,None,None,2.0,4.0,1.0,1.0,0.0,1,0.0,no
3336,None,None,Economy Class,None,None,4.0,5.0,3.0,1.0,0.0,4,0.0,yes
3337,None,None,Economy Class,None,None,3.0,3.0,1.0,1.0,0.0,4,0.0,no
3338,None,None,Business Class,None,None,5.0,5.0,2.0,5.0,0.0,4,0.0,yes
3339,None,None,Premium Economy,None,None,1.0,1.0,1.0,2.0,0.0,2,0.0,no
3340,None,None,Business Class,None,None,5.0,5.0,4.0,1.0,0.0,2,0.0,no
3341,None,None,Business Class,None,None,4.0,5.0,4.0,2.0,0.0,5,0.0,yes
3342,None,None,Premium Economy,None,None,1.0,1.0,1.0,2.0,0.0,2,0.0,no
3343,None,None,Economy Class,None,None,1.0,1.0,1.0,1.0,0.0,1,0.0,no
3344,None,None,Economy Class,None,None,3.0,3.0,3.0,1.0,0.0,2,0.0,no
3345,None,None,Business Class,None,None,5.0,5.0,5.0,5.0,0.0,4,0.0,yes
3346,None,None,Economy Class,None,None,4.0,5.0,3.0,5.0,0.0,4,0.0,yes
3347,None,None,Economy Class,None,None,4.0,5.0,4.0,3.0,0.0,4,0.0,yes
3348,None,None,Economy Class,None,None,1.0,1.0,1.0,3.0,0.0,1,0.0,no
3349,None,None,Business Class,None,None,4.0,2.0,1.0,4.0,0.0,2,0.0,no
3350,None,None,Business Class,None,None,4.0,2.0,1.0,4.0,0.0,2,0.0,no
3351,None,None,Business Class,None,None,3.0,3.0,1.0,1.0,0.0,2,0.0,no
3352,None,None,First Class,None,None,5.0,5.0,5.0,4.0,0.0,4,0.0,yes
3353,None,None,Economy Class,None,None,3.0,2.0,3.0,1.0,0.0,2,0.0,no
3354,None,None,Business Class,None,None,4.0,5.0,4.0,5.0,0.0,4,0.0,yes
3355,None,None,Economy Class,None,None,3.0,4.0,5.0,4.0,0.0,5,0.0,yes
3356,None,None,Business Class,None,None,5.0,3.0,4.0,5.0,0.0,5,0.0,yes
3357,None,None,Economy Class,None,None,3.0,2.0,2.0,2.0,0.0,3,0.0,no
3358,None,None,Economy Class,None,None,1.0,2.0,1.0,3.0,0.0,2,0.0,no
3359,None,None,Economy Class,None,None,5.0,4.0,3.0,1.0,0.0,4,0.0,yes
3360,None,None,Economy Class,None,None,5.0,4.0,4.0,1.0,0.0,4,0.0,yes
3361,None,None,Business Class,None,None,4.0,4.0,4.0,4.0,0.0,3,0.0,yes
3362,None,None,Economy Class,None,None,3.0,2.0,2.0,4.0,0.0,3,0.0,yes
3363,None,None,First Class,None,None,5.0,5.0,5.0,4.0,0.0,5,0.0,yes
3364,None,None,Business Class,None,None,3.0,5.0,3.0,2.0,0.0,4,0.0,yes
3365,None,None,Economy Class,None,None,1.0,2.0,1.0,3.0,0.0,2,0.0,no
3366,None,None,Economy Class,None,None,5.0,4.0,3.0,1.0,0.0,4,0.0,yes
3367,None,None,Economy Class,None,None,5.0,4.0,4.0,1.0,0.0,4,0.0,yes
3368,None,None,Business Class,None,None,5.0,1.0,1.0,3.0,0.0,2,0.0,no
3369,None,None,Business Class,None,None,2.0,3.0,2.0,3.0,0.0,3,0.0,yes
3370,None,None,Business Class,None,None,4.0,5.0,3.0,2.0,0.0,4,0.0,yes
3371,None,None,Economy Class,None,None,1.0,1.0,1.0,2.0,0.0,3,0.0,no
3372,None,None,Economy Class,None,None,4.0,5.0,4.0,4.0,0.0,5,0.0,yes
3373,None,None,Economy Class,None,None,1.0,1.0,2.0,3.0,0.0,3,0.0,no
3374,None,None,Economy Class,None,None,2.0,1.0,2.0,1.0,0.0,2,0.0,no
3375,None,None,Business Class,None,None,3.0,5.0,4.0,1.0,0.0,4,0.0,yes
3376,None,None,First Class,None,None,5.0,5.0,5.0,4.0,0.0,4,0.0,yes
3377,None,None,Business Class,None,None,2.0,1.0,2.0,1.0,0.0,2,0.0,no
3378,None,None,Economy Class,None,None,4.0,5.0,5.0,4.0,0.0,5,0.0,yes
3379,None,None,Business Class,None,None,4.0,3.0,1.0,2.0,0.0,3,0.0,no
3380,None,None,Economy Class,None,None,5.0,5.0,3.0,4.0,0.0,3,0.0,yes
3381,None,None,Business Class,None,None,3.0,2.0,2.0,2.0,0.0,3,0.0,no
3382,None,None,Business Class,None,None,5.0,5.0,3.0,2.0,0.0,5,0.0,yes
3383,None,None,Business Class,None,None,5.0,5.0,5.0,1.0,0.0,5,0.0,yes
3384,None,None,Economy Class,None,None,1.0,1.0,2.0,3.0,0.0,5,0.0,no
3385,None,None,First Class,None,None,5.0,5.0,5.0,4.0,0.0,4,0.0,yes
3386,None,None,Economy Class,None,None,1.0,2.0,1.0,1.0,0.0,2,0.0,no
3387,None,None,Economy Class,None,None,1.0,1.0,1.0,2.0,0.0,1,0.0,no
3388,None,None,Economy Class,None,None,4.0,4.0,4.0,1.0,0.0,4,0.0,yes
3389,None,None,Economy Class,None,None,3.0,3.0,4.0,1.0,0.0,4,0.0,yes
3390,None,None,Economy Class,None,None,2.0,3.0,3.0,2.0,0.0,1,0.0,no
3391,None,None,Business Class,None,None,4.0,5.0,4.0,3.0,0.0,4,0.0,yes
3392,None,None,Economy Class,None,None,4.0,5.0,5.0,5.0,0.0,4,0.0,yes
3393,None,None,Economy Class,None,None,3.0,1.0,1.0,4.0,0.0,1,0.0,no
3394,None,None,Economy Class,None,None,4.0,4.0,4.0,4.0,0.0,4,0.0,yes
3395,None,None,Economy Class,None,None,3.0,1.0,3.0,1.0,0.0,1,0.0,no
3396,None,None,Economy Class,None,None,4.0,4.0,3.0,3.0,0.0,4,0.0,yes
3397,None,None,Economy Class,None,None,5.0,5.0,5.0,1.0,0.0,5,0.0,yes
3398,None,None,Business Class,None,None,5.0,5.0,5.0,4.0,0.0,5,0.0,yes
3399,None,None,Business Class,None,None,4.0,5.0,5.0,2.0,0.0,5,0.0,yes
3400,None,None,Economy Class,None,None,4.0,5.0,4.0,0.0,0.0,5,0.0,yes
3401,None,None,Business Class,None,None,4.0,2.0,3.0,3.0,0.0,3,0.0,no
3402,None,None,Economy Class,None,None,4.0,4.0,3.0,3.0,0.0,4,0.0,yes
3403,None,None,Economy Class,None,None,5.0,5.0,5.0,1.0,0.0,5,0.0,yes
3404,None,None,Business Class,None,None,3.0,5.0,4.0,1.0,0.0,5,0.0,yes
3405,None,None,Premium Economy,None,None,3.0,2.0,1.0,2.0,0.0,1,0.0,no
3406,None,None,Economy Class,None,None,1.0,4.0,1.0,4.0,0.0,3,0.0,no
3407,None,None,Premium Economy,None,None,1.0,1.0,1.0,1.0,0.0,1,0.0,no
3408,None,None,Economy Class,None,None,3.0,3.0,3.0,1.0,0.0,2,0.0,no
3409,None,None,Business Class,None,None,4.0,5.0,4.0,1.0,0.0,4,0.0,yes
3410,None,None,Business Class,None,None,4.0,5.0,4.0,3.0,0.0,4,0.0,yes
3411,None,None,Economy Class,None,None,3.0,3.0,3.0,1.0,0.0,2,0.0,no
3412,None,None,Economy Class,None,None,3.0,3.0,3.0,1.0,0.0,3,0.0,yes
3413,None,None,Business Class,None,None,4.0,4.0,4.0,4.0,0.0,4,0.0,yes
3414,None,None,Economy Class,None,None,4.0,5.0,5.0,4.0,0.0,5,0.0,yes
3415,None,None,First Class,None,None,5.0,5.0,5.0,5.0,0.0,5,0.0,yes
3416,None,None,Economy Class,None,None,1.0,1.0,1.0,1.0,0.0,1,0.0,no
3417,None,None,Business Class,None,None,3.0,1.0,1.0,4.0,0.0,3,0.0,no
3418,None,None,Business Class,None,None,4.0,5.0,5.0,3.0,0.0,4,0.0,yes
3419,None,None,Economy Class,None,None,4.0,5.0,4.0,0.0,0.0,3,0.0,yes
3420,None,None,Premium Economy,None,None,4.0,3.0,3.0,4.0,0.0,4,0.0,yes
3421,None,None,Business Class,None,None,4.0,3.0,2.0,4.0,0.0,3,0.0,yes
3422,None,None,Economy Class,None,None,5.0,5.0,5.0,0.0,0.0,4,0.0,yes
3423,None,None,Economy Class,None,None,3.0,3.0,3.0,4.0,0.0,3,0.0,no
3424,None,None,Business Class,None,None,4.0,3.0,2.0,3.0,0.0,2,0.0,no
3425,None,None,Economy Class,None,None,3.0,1.0,2.0,0.0,0.0,3,0.0,no
3426,None,None,Economy Class,None,None,2.0,3.0,2.0,3.0,0.0,3,0.0,no
3427,None,None,Economy Class,None,None,2.0,3.0,1.0,4.0,0.0,2,0.0,no
3428,None,None,Economy Class,None,None,2.0,3.0,1.0,4.0,0.0,3,0.0,no
3429,None,None,Business Class,None,None,4.0,3.0,3.0,4.0,0.0,0,0.0,yes
3430,None,None,Business Class,None,None,4.0,5.0,4.0,0.0,0.0,3,0.0,yes
3431,None,None,Economy Class,None,None,0.0,0.0,0.0,0.0,0.0,4,0.0,yes
3432,None,None,Premium Economy,None,None,1.0,3.0,5.0,0.0,0.0,1,0.0,no
3433,None,None,First Class,None,None,4.0,5.0,5.0,2.0,0.0,2,0.0,no
